Ba6 C120
1.0
11.343000 0.000000 0.000000
0.000000 11.343000 0.000000
0.000000 0.000000 11.343000
Ba C
6 120
direct
0.000000 0.500000 0.750000 Ba2+
0.500000 0.250000 0.000000 Ba2+
0.750000 0.000000 0.500000 Ba2+
0.000000 0.500000 0.250000 Ba2+
0.500000 0.750000 0.000000 Ba2+
0.250000 0.000000 0.500000 Ba2+
0.564600 0.186200 0.500000 C0.1-
0.813800 0.500000 0.564600 C0.1-
0.500000 0.435400 0.813800 C0.1-
0.435400 0.813800 0.500000 C0.1-
0.186200 0.500000 0.435400 C0.1-
0.500000 0.564600 0.186200 C0.1-
0.564600 0.813800 0.500000 C0.1-
0.813800 0.500000 0.435400 C0.1-
0.435400 0.186200 0.500000 C0.1-
0.186200 0.500000 0.564600 C0.1-
0.500000 0.564600 0.813800 C0.1-
0.500000 0.435400 0.186200 C0.1-
0.064600 0.000000 0.686200 C0.1-
0.313800 0.064600 0.000000 C0.1-
0.000000 0.313800 0.935400 C0.1-
0.935400 0.000000 0.313800 C0.1-
0.686200 0.935400 0.000000 C0.1-
0.000000 0.686200 0.064600 C0.1-
0.064600 0.000000 0.313800 C0.1-
0.313800 0.935400 0.000000 C0.1-
0.935400 0.000000 0.686200 C0.1-
0.686200 0.064600 0.000000 C0.1-
0.000000 0.313800 0.064600 C0.1-
0.000000 0.686200 0.935400 C0.1-
0.773800 0.395400 0.629200 C0.1-
0.604600 0.370800 0.773800 C0.1-
0.629200 0.226200 0.604600 C0.1-
0.226200 0.604600 0.370800 C0.1-
0.395400 0.629200 0.226200 C0.1-
0.370800 0.773800 0.395400 C0.1-
0.773800 0.604600 0.370800 C0.1-
0.604600 0.629200 0.226200 C0.1-
0.629200 0.773800 0.395400 C0.1-
0.226200 0.395400 0.629200 C0.1-
0.395400 0.370800 0.773800 C0.1-
0.370800 0.226200 0.604600 C0.1-
0.226200 0.604600 0.629200 C0.1-
0.395400 0.629200 0.773800 C0.1-
0.370800 0.773800 0.604600 C0.1-
0.773800 0.395400 0.370800 C0.1-
0.604600 0.370800 0.226200 C0.1-
0.629200 0.226200 0.395400 C0.1-
0.226200 0.395400 0.370800 C0.1-
0.395400 0.370800 0.226200 C0.1-
0.370800 0.226200 0.395400 C0.1-
0.773800 0.604600 0.629200 C0.1-
0.604600 0.629200 0.773800 C0.1-
0.629200 0.773800 0.604600 C0.1-
0.273800 0.129200 0.895400 C0.1-
0.104600 0.273800 0.870800 C0.1-
0.129200 0.104600 0.726200 C0.1-
0.726200 0.870800 0.104600 C0.1-
0.895400 0.726200 0.129200 C0.1-
0.870800 0.895400 0.273800 C0.1-
0.273800 0.870800 0.104600 C0.1-
0.104600 0.726200 0.129200 C0.1-
0.129200 0.895400 0.273800 C0.1-
0.726200 0.129200 0.895400 C0.1-
0.895400 0.273800 0.870800 C0.1-
0.870800 0.104600 0.726200 C0.1-
0.726200 0.129200 0.104600 C0.1-
0.895400 0.273800 0.129200 C0.1-
0.870800 0.104600 0.273800 C0.1-
0.273800 0.870800 0.895400 C0.1-
0.104600 0.726200 0.870800 C0.1-
0.129200 0.895400 0.726200 C0.1-
0.726200 0.870800 0.895400 C0.1-
0.895400 0.726200 0.870800 C0.1-
0.870800 0.895400 0.726200 C0.1-
0.273800 0.129200 0.104600 C0.1-
0.104600 0.273800 0.129200 C0.1-
0.129200 0.104600 0.273800 C0.1-
0.733800 0.290900 0.564600 C0.1-
0.709100 0.435400 0.733800 C0.1-
0.564600 0.266200 0.709100 C0.1-
0.266200 0.709100 0.435400 C0.1-
0.290900 0.564600 0.266200 C0.1-
0.435400 0.733800 0.290900 C0.1-
0.733800 0.709100 0.435400 C0.1-
0.709100 0.564600 0.266200 C0.1-
0.564600 0.733800 0.290900 C0.1-
0.266200 0.290900 0.564600 C0.1-
0.290900 0.435400 0.733800 C0.1-
0.435400 0.266200 0.709100 C0.1-
0.266200 0.709100 0.564600 C0.1-
0.290900 0.564600 0.733800 C0.1-
0.435400 0.733800 0.709100 C0.1-
0.733800 0.290900 0.435400 C0.1-
0.709100 0.435400 0.266200 C0.1-
0.564600 0.266200 0.290900 C0.1-
0.266200 0.290900 0.435400 C0.1-
0.290900 0.435400 0.266200 C0.1-
0.435400 0.266200 0.290900 C0.1-
0.733800 0.709100 0.564600 C0.1-
0.709100 0.564600 0.733800 C0.1-
0.564600 0.733800 0.709100 C0.1-
0.233800 0.064600 0.790900 C0.1-
0.209100 0.233800 0.935400 C0.1-
0.064600 0.209100 0.766200 C0.1-
0.766200 0.935400 0.209100 C0.1-
0.790900 0.766200 0.064600 C0.1-
0.935400 0.790900 0.233800 C0.1-
0.233800 0.935400 0.209100 C0.1-
0.209100 0.766200 0.064600 C0.1-
0.064600 0.790900 0.233800 C0.1-
0.766200 0.064600 0.790900 C0.1-
0.790900 0.233800 0.935400 C0.1-
0.935400 0.209100 0.766200 C0.1-
0.766200 0.064600 0.209100 C0.1-
0.790900 0.233800 0.064600 C0.1-
0.935400 0.209100 0.233800 C0.1-
0.233800 0.935400 0.790900 C0.1-
0.209100 0.766200 0.935400 C0.1-
0.064600 0.790900 0.766200 C0.1-
0.766200 0.935400 0.790900 C0.1-
0.790900 0.766200 0.935400 C0.1-
0.935400 0.790900 0.766200 C0.1-
0.233800 0.064600 0.209100 C0.1-
0.209100 0.233800 0.064600 C0.1-
0.064600 0.209100 0.233800 C0.1-
