Cu24 S24 O104
1.0
-12.009000 -12.009000 0.000000
-12.009000 0.000000 -12.009000
-0.000000 -12.009000 -12.009000
Cu O S
24 104 24
direct
0.890790 0.727150 0.109210 Cu2+
0.109210 0.272850 0.890790 Cu2+
0.272850 0.109210 0.727150 Cu2+
0.727150 0.890790 0.272850 Cu2+
0.390790 0.772850 0.609210 Cu2+
0.609210 0.227150 0.390790 Cu2+
0.227150 0.609210 0.772850 Cu2+
0.772850 0.390790 0.227150 Cu2+
0.727150 0.109210 0.890790 Cu2+
0.272850 0.890790 0.109210 Cu2+
0.109210 0.727150 0.272850 Cu2+
0.890790 0.272850 0.727150 Cu2+
0.772850 0.609210 0.390790 Cu2+
0.227150 0.390790 0.609210 Cu2+
0.609210 0.772850 0.227150 Cu2+
0.390790 0.227150 0.772850 Cu2+
0.109210 0.890790 0.727150 Cu2+
0.890790 0.109210 0.272850 Cu2+
0.727150 0.272850 0.109210 Cu2+
0.272850 0.727150 0.890790 Cu2+
0.609210 0.390790 0.772850 Cu2+
0.390790 0.609210 0.227150 Cu2+
0.772850 0.227150 0.609210 Cu2+
0.227150 0.772850 0.390790 Cu2+
0.996590 0.701210 0.003410 O2-
0.003410 0.298790 0.996590 O2-
0.298790 0.003410 0.701210 O2-
0.701210 0.996590 0.298790 O2-
0.496590 0.798790 0.503410 O2-
0.503410 0.201210 0.496590 O2-
0.201210 0.503410 0.798790 O2-
0.798790 0.496590 0.201210 O2-
0.701210 0.003410 0.996590 O2-
0.298790 0.996590 0.003410 O2-
0.003410 0.701210 0.298790 O2-
0.996590 0.298790 0.701210 O2-
0.798790 0.503410 0.496590 O2-
0.201210 0.496590 0.503410 O2-
0.503410 0.798790 0.201210 O2-
0.496590 0.201210 0.798790 O2-
0.003410 0.996590 0.701210 O2-
0.996590 0.003410 0.298790 O2-
0.701210 0.298790 0.003410 O2-
0.298790 0.701210 0.996590 O2-
0.503410 0.496590 0.798790 O2-
0.496590 0.503410 0.201210 O2-
0.798790 0.201210 0.503410 O2-
0.201210 0.798790 0.496590 O2-
0.126670 0.644350 0.873330 O2-
0.873330 0.355650 0.126670 O2-
0.355650 0.873330 0.644350 O2-
0.644350 0.126670 0.355650 O2-
0.626670 0.855650 0.373330 O2-
0.373330 0.144350 0.626670 O2-
0.144350 0.373330 0.855650 O2-
0.855650 0.626670 0.144350 O2-
0.644350 0.873330 0.126670 O2-
0.355650 0.126670 0.873330 O2-
0.873330 0.644350 0.355650 O2-
0.126670 0.355650 0.644350 O2-
0.855650 0.373330 0.626670 O2-
0.144350 0.626670 0.373330 O2-
0.373330 0.855650 0.144350 O2-
0.626670 0.144350 0.855650 O2-
0.873330 0.126670 0.644350 O2-
0.126670 0.873330 0.355650 O2-
0.644350 0.355650 0.873330 O2-
0.355650 0.644350 0.126670 O2-
0.373330 0.626670 0.855650 O2-
0.626670 0.373330 0.144350 O2-
0.855650 0.144350 0.373330 O2-
0.144350 0.855650 0.626670 O2-
0.819430 0.845790 0.050990 O2-
0.050990 0.283790 0.819430 O2-
0.283790 0.050990 0.845790 O2-
0.845790 0.819430 0.283790 O2-
0.319430 0.783790 0.550990 O2-
0.550990 0.345790 0.319430 O2-
0.345790 0.550990 0.783790 O2-
0.783790 0.319430 0.345790 O2-
0.845790 0.050990 0.819430 O2-
0.283790 0.819430 0.050990 O2-
0.050990 0.845790 0.283790 O2-
0.819430 0.283790 0.845790 O2-
0.783790 0.550990 0.319430 O2-
0.345790 0.319430 0.550990 O2-
0.550990 0.783790 0.345790 O2-
0.319430 0.345790 0.783790 O2-
0.050990 0.819430 0.845790 O2-
0.819430 0.050990 0.283790 O2-
0.845790 0.283790 0.050990 O2-
0.283790 0.845790 0.819430 O2-
0.550990 0.319430 0.783790 O2-
0.319430 0.550990 0.345790 O2-
0.783790 0.345790 0.550990 O2-
0.345790 0.783790 0.319430 O2-
0.180570 0.154210 0.949010 O2-
0.949010 0.716210 0.180570 O2-
0.716210 0.949010 0.154210 O2-
0.154210 0.180570 0.716210 O2-
0.680570 0.216210 0.449010 O2-
0.449010 0.654210 0.680570 O2-
0.654210 0.449010 0.216210 O2-
0.216210 0.680570 0.654210 O2-
0.154210 0.949010 0.180570 O2-
0.716210 0.180570 0.949010 O2-
0.949010 0.154210 0.716210 O2-
0.180570 0.716210 0.154210 O2-
0.216210 0.449010 0.680570 O2-
0.654210 0.680570 0.449010 O2-
0.449010 0.216210 0.654210 O2-
0.680570 0.654210 0.216210 O2-
0.949010 0.180570 0.154210 O2-
0.180570 0.949010 0.716210 O2-
0.154210 0.716210 0.949010 O2-
0.716210 0.154210 0.180570 O2-
0.449010 0.680570 0.216210 O2-
0.680570 0.449010 0.654210 O2-
0.216210 0.654210 0.449010 O2-
0.654210 0.216210 0.680570 O2-
0.750000 0.750000 0.250000 O2-
0.250000 0.250000 0.750000 O2-
0.250000 0.750000 0.750000 O2-
0.750000 0.250000 0.250000 O2-
0.750000 0.250000 0.750000 O2-
0.250000 0.750000 0.250000 O2-
0.000000 0.000000 0.000000 O2-
0.500000 0.500000 0.500000 O2-
0.083070 0.721010 0.916930 S6+
0.916930 0.278990 0.083070 S6+
0.278990 0.916930 0.721010 S6+
0.721010 0.083070 0.278990 S6+
0.583070 0.778990 0.416930 S6+
0.416930 0.221010 0.583070 S6+
0.221010 0.416930 0.778990 S6+
0.778990 0.583070 0.221010 S6+
0.721010 0.916930 0.083070 S6+
0.278990 0.083070 0.916930 S6+
0.916930 0.721010 0.278990 S6+
0.083070 0.278990 0.721010 S6+
0.778990 0.416930 0.583070 S6+
0.221010 0.583070 0.416930 S6+
0.416930 0.778990 0.221010 S6+
0.583070 0.221010 0.778990 S6+
0.916930 0.083070 0.721010 S6+
0.083070 0.916930 0.278990 S6+
0.721010 0.278990 0.916930 S6+
0.278990 0.721010 0.083070 S6+
0.416930 0.583070 0.778990 S6+
0.583070 0.416930 0.221010 S6+
0.778990 0.221010 0.416930 S6+
0.221010 0.778990 0.583070 S6+
