Si48 O96
1.0
14.337720 0.000000 0.000000
0.000000 14.337720 0.000000
0.000000 0.000000 14.337720
Si O
48 96
direct
0.727320 0.808720 0.895380 Si4+
0.191280 0.104620 0.727320 Si4+
0.895380 0.272680 0.191280 Si4+
0.272680 0.191280 0.104620 Si4+
0.808720 0.895380 0.272680 Si4+
0.104620 0.727320 0.808720 Si4+
0.727320 0.191280 0.104620 Si4+
0.191280 0.895380 0.272680 Si4+
0.895380 0.727320 0.808720 Si4+
0.272680 0.808720 0.895380 Si4+
0.808720 0.104620 0.727320 Si4+
0.104620 0.272680 0.191280 Si4+
0.272680 0.191280 0.895380 Si4+
0.808720 0.895380 0.727320 Si4+
0.104620 0.727320 0.191280 Si4+
0.727320 0.808720 0.104620 Si4+
0.191280 0.104620 0.272680 Si4+
0.895380 0.272680 0.808720 Si4+
0.272680 0.808720 0.104620 Si4+
0.808720 0.104620 0.272680 Si4+
0.104620 0.272680 0.808720 Si4+
0.727320 0.191280 0.895380 Si4+
0.191280 0.895380 0.727320 Si4+
0.895380 0.727320 0.191280 Si4+
0.227320 0.395380 0.308720 Si4+
0.691280 0.227320 0.604620 Si4+
0.395380 0.691280 0.772680 Si4+
0.772680 0.604620 0.691280 Si4+
0.308720 0.772680 0.395380 Si4+
0.604620 0.308720 0.227320 Si4+
0.227320 0.604620 0.691280 Si4+
0.691280 0.772680 0.395380 Si4+
0.395380 0.308720 0.227320 Si4+
0.772680 0.395380 0.308720 Si4+
0.308720 0.227320 0.604620 Si4+
0.604620 0.691280 0.772680 Si4+
0.772680 0.395380 0.691280 Si4+
0.308720 0.227320 0.395380 Si4+
0.604620 0.691280 0.227320 Si4+
0.227320 0.604620 0.308720 Si4+
0.691280 0.772680 0.604620 Si4+
0.395380 0.308720 0.772680 Si4+
0.772680 0.604620 0.308720 Si4+
0.308720 0.772680 0.604620 Si4+
0.604620 0.308720 0.772680 Si4+
0.227320 0.395380 0.691280 Si4+
0.691280 0.227320 0.395380 Si4+
0.395380 0.691280 0.227320 Si4+
0.287720 0.153260 0.000000 O2-
0.846740 0.000000 0.287720 O2-
0.000000 0.712280 0.846740 O2-
0.712280 0.846740 0.000000 O2-
0.153260 0.000000 0.712280 O2-
0.000000 0.287720 0.153260 O2-
0.287720 0.846740 0.000000 O2-
0.846740 0.000000 0.712280 O2-
0.712280 0.153260 0.000000 O2-
0.153260 0.000000 0.287720 O2-
0.000000 0.287720 0.846740 O2-
0.000000 0.712280 0.153260 O2-
0.787720 0.500000 0.653260 O2-
0.346740 0.787720 0.500000 O2-
0.500000 0.346740 0.212280 O2-
0.212280 0.500000 0.346740 O2-
0.653260 0.212280 0.500000 O2-
0.500000 0.653260 0.787720 O2-
0.787720 0.500000 0.346740 O2-
0.346740 0.212280 0.500000 O2-
0.212280 0.500000 0.653260 O2-
0.653260 0.787720 0.500000 O2-
0.500000 0.346740 0.787720 O2-
0.500000 0.653260 0.212280 O2-
0.863330 0.363330 0.250000 O2-
0.636670 0.750000 0.863330 O2-
0.250000 0.136670 0.636670 O2-
0.136670 0.636670 0.750000 O2-
0.363330 0.250000 0.136670 O2-
0.750000 0.863330 0.363330 O2-
0.863330 0.636670 0.750000 O2-
0.636670 0.250000 0.136670 O2-
0.250000 0.863330 0.363330 O2-
0.136670 0.363330 0.250000 O2-
0.363330 0.750000 0.863330 O2-
0.750000 0.136670 0.636670 O2-
0.136670 0.636670 0.250000 O2-
0.363330 0.250000 0.863330 O2-
0.750000 0.863330 0.636670 O2-
0.863330 0.363330 0.750000 O2-
0.636670 0.750000 0.136670 O2-
0.250000 0.136670 0.363330 O2-
0.136670 0.363330 0.750000 O2-
0.363330 0.750000 0.136670 O2-
0.750000 0.136670 0.363330 O2-
0.863330 0.636670 0.250000 O2-
0.636670 0.250000 0.863330 O2-
0.250000 0.863330 0.636670 O2-
0.820730 0.742920 0.892290 O2-
0.257080 0.107710 0.820730 O2-
0.892290 0.179270 0.257080 O2-
0.179270 0.257080 0.107710 O2-
0.742920 0.892290 0.179270 O2-
0.107710 0.820730 0.742920 O2-
0.820730 0.257080 0.107710 O2-
0.257080 0.892290 0.179270 O2-
0.892290 0.820730 0.742920 O2-
0.179270 0.742920 0.892290 O2-
0.742920 0.107710 0.820730 O2-
0.107710 0.179270 0.257080 O2-
0.179270 0.257080 0.892290 O2-
0.742920 0.892290 0.820730 O2-
0.107710 0.820730 0.257080 O2-
0.820730 0.742920 0.107710 O2-
0.257080 0.107710 0.179270 O2-
0.892290 0.179270 0.742920 O2-
0.179270 0.742920 0.107710 O2-
0.742920 0.107710 0.179270 O2-
0.107710 0.179270 0.742920 O2-
0.820730 0.257080 0.892290 O2-
0.257080 0.892290 0.820730 O2-
0.892290 0.820730 0.257080 O2-
0.320730 0.392290 0.242920 O2-
0.757080 0.320730 0.607710 O2-
0.392290 0.757080 0.679270 O2-
0.679270 0.607710 0.757080 O2-
0.242920 0.679270 0.392290 O2-
0.607710 0.242920 0.320730 O2-
0.320730 0.607710 0.757080 O2-
0.757080 0.679270 0.392290 O2-
0.392290 0.242920 0.320730 O2-
0.679270 0.392290 0.242920 O2-
0.242920 0.320730 0.607710 O2-
0.607710 0.757080 0.679270 O2-
0.679270 0.392290 0.757080 O2-
0.242920 0.320730 0.392290 O2-
0.607710 0.757080 0.320730 O2-
0.320730 0.607710 0.242920 O2-
0.757080 0.679270 0.607710 O2-
0.392290 0.242920 0.679270 O2-
0.679270 0.607710 0.242920 O2-
0.242920 0.679270 0.607710 O2-
0.607710 0.242920 0.679270 O2-
0.320730 0.392290 0.757080 O2-
0.757080 0.320730 0.392290 O2-
0.392290 0.757080 0.320730 O2-
