Si48 O96
1.0
-10.598070 -10.598070 0.000000
-10.598070 0.000000 -10.598070
-0.000000 -10.598070 -10.598070
O Si
96 48
direct
0.644550 0.191690 0.301730 O2-
0.191690 0.644550 0.862030 O2-
0.301730 0.862030 0.644550 O2-
0.862030 0.301730 0.191690 O2-
0.644550 0.862030 0.191690 O2-
0.191690 0.301730 0.644550 O2-
0.301730 0.191690 0.862030 O2-
0.862030 0.644550 0.301730 O2-
0.644550 0.301730 0.862030 O2-
0.191690 0.862030 0.301730 O2-
0.301730 0.644550 0.191690 O2-
0.862030 0.191690 0.644550 O2-
0.887970 0.558310 0.448270 O2-
0.448270 0.105450 0.887970 O2-
0.558310 0.887970 0.105450 O2-
0.105450 0.448270 0.558310 O2-
0.448270 0.887970 0.558310 O2-
0.887970 0.448270 0.105450 O2-
0.105450 0.558310 0.887970 O2-
0.558310 0.105450 0.448270 O2-
0.558310 0.448270 0.887970 O2-
0.105450 0.887970 0.448270 O2-
0.887970 0.105450 0.558310 O2-
0.448270 0.558310 0.105450 O2-
0.605450 0.058310 0.948270 O2-
0.058310 0.605450 0.387970 O2-
0.948270 0.387970 0.605450 O2-
0.387970 0.948270 0.058310 O2-
0.605450 0.387970 0.058310 O2-
0.058310 0.948270 0.605450 O2-
0.948270 0.058310 0.387970 O2-
0.387970 0.605450 0.948270 O2-
0.605450 0.948270 0.387970 O2-
0.058310 0.387970 0.948270 O2-
0.948270 0.605450 0.058310 O2-
0.387970 0.058310 0.605450 O2-
0.362030 0.691690 0.801730 O2-
0.801730 0.144550 0.362030 O2-
0.691690 0.362030 0.144550 O2-
0.144550 0.801730 0.691690 O2-
0.801730 0.362030 0.691690 O2-
0.362030 0.801730 0.144550 O2-
0.144550 0.691690 0.362030 O2-
0.691690 0.144550 0.801730 O2-
0.691690 0.801730 0.362030 O2-
0.144550 0.362030 0.801730 O2-
0.362030 0.144550 0.691690 O2-
0.801730 0.691690 0.144550 O2-
0.375000 0.261700 0.488300 O2-
0.261700 0.375000 0.875000 O2-
0.488300 0.875000 0.375000 O2-
0.875000 0.488300 0.261700 O2-
0.375000 0.875000 0.261700 O2-
0.261700 0.488300 0.375000 O2-
0.488300 0.261700 0.875000 O2-
0.875000 0.375000 0.488300 O2-
0.375000 0.488300 0.875000 O2-
0.261700 0.875000 0.488300 O2-
0.488300 0.375000 0.261700 O2-
0.875000 0.261700 0.375000 O2-
0.875000 0.988300 0.761700 O2-
0.988300 0.875000 0.375000 O2-
0.761700 0.375000 0.875000 O2-
0.375000 0.761700 0.988300 O2-
0.875000 0.375000 0.988300 O2-
0.988300 0.761700 0.875000 O2-
0.761700 0.988300 0.375000 O2-
0.375000 0.875000 0.761700 O2-
0.875000 0.761700 0.375000 O2-
0.988300 0.375000 0.761700 O2-
0.761700 0.875000 0.988300 O2-
0.375000 0.988300 0.875000 O2-
0.660350 0.339650 0.339650 O2-
0.339650 0.660350 0.660350 O2-
0.660350 0.660350 0.339650 O2-
0.339650 0.339650 0.660350 O2-
0.660350 0.339650 0.660350 O2-
0.339650 0.660350 0.339650 O2-
0.089650 0.410350 0.410350 O2-
0.410350 0.089650 0.089650 O2-
0.410350 0.089650 0.410350 O2-
0.089650 0.410350 0.089650 O2-
0.410350 0.410350 0.089650 O2-
0.089650 0.089650 0.410350 O2-
0.589650 0.910350 0.910350 O2-
0.910350 0.589650 0.589650 O2-
0.589650 0.589650 0.910350 O2-
0.910350 0.910350 0.589650 O2-
0.589650 0.910350 0.589650 O2-
0.910350 0.589650 0.910350 O2-
0.160350 0.839650 0.839650 O2-
0.839650 0.160350 0.160350 O2-
0.839650 0.160350 0.839650 O2-
0.160350 0.839650 0.160350 O2-
0.839650 0.839650 0.160350 O2-
0.160350 0.160350 0.839650 O2-
0.612300 0.321000 0.270720 Si4+
0.321000 0.612300 0.795980 Si4+
0.270720 0.795980 0.612300 Si4+
0.795980 0.270720 0.321000 Si4+
0.612300 0.795980 0.321000 Si4+
0.321000 0.270720 0.612300 Si4+
0.270720 0.321000 0.795980 Si4+
0.795980 0.612300 0.270720 Si4+
0.612300 0.270720 0.795980 Si4+
0.321000 0.795980 0.270720 Si4+
0.270720 0.612300 0.321000 Si4+
0.795980 0.321000 0.612300 Si4+
0.954020 0.429000 0.479280 Si4+
0.479280 0.137700 0.954020 Si4+
0.429000 0.954020 0.137700 Si4+
0.137700 0.479280 0.429000 Si4+
0.479280 0.954020 0.429000 Si4+
0.954020 0.479280 0.137700 Si4+
0.137700 0.429000 0.954020 Si4+
0.429000 0.137700 0.479280 Si4+
0.429000 0.479280 0.954020 Si4+
0.137700 0.954020 0.479280 Si4+
0.954020 0.137700 0.429000 Si4+
0.479280 0.429000 0.137700 Si4+
0.637700 0.929000 0.979280 Si4+
0.929000 0.637700 0.454020 Si4+
0.979280 0.454020 0.637700 Si4+
0.454020 0.979280 0.929000 Si4+
0.637700 0.454020 0.929000 Si4+
0.929000 0.979280 0.637700 Si4+
0.979280 0.929000 0.454020 Si4+
0.454020 0.637700 0.979280 Si4+
0.637700 0.979280 0.454020 Si4+
0.929000 0.454020 0.979280 Si4+
0.979280 0.637700 0.929000 Si4+
0.454020 0.929000 0.637700 Si4+
0.295980 0.821000 0.770720 Si4+
0.770720 0.112300 0.295980 Si4+
0.821000 0.295980 0.112300 Si4+
0.112300 0.770720 0.821000 Si4+
0.770720 0.295980 0.821000 Si4+
0.295980 0.770720 0.112300 Si4+
0.112300 0.821000 0.295980 Si4+
0.821000 0.112300 0.770720 Si4+
0.821000 0.770720 0.295980 Si4+
0.112300 0.295980 0.770720 Si4+
0.295980 0.112300 0.821000 Si4+
0.770720 0.821000 0.112300 Si4+
