Zn160 Sn48 Mo28
1.0
-12.723400 -12.723400 0.000000
-12.723400 0.000000 -12.723400
-0.000000 -12.723400 -12.723400
Mo Sn Zn
28 48 160
direct
0.500000 0.500000 0.500000 Mo0+
0.000000 0.000000 0.000000 Mo0+
0.750000 0.750000 0.750000 Mo0+
0.250000 0.250000 0.250000 Mo0+
0.786800 0.434800 0.565200 Mo0+
0.565200 0.213200 0.786800 Mo0+
0.213200 0.565200 0.434800 Mo0+
0.434800 0.786800 0.213200 Mo0+
0.286800 0.713200 0.065200 Mo0+
0.065200 0.934800 0.286800 Mo0+
0.934800 0.065200 0.713200 Mo0+
0.713200 0.286800 0.934800 Mo0+
0.434800 0.565200 0.786800 Mo0+
0.213200 0.786800 0.565200 Mo0+
0.565200 0.434800 0.213200 Mo0+
0.786800 0.213200 0.434800 Mo0+
0.713200 0.065200 0.286800 Mo0+
0.934800 0.286800 0.065200 Mo0+
0.065200 0.713200 0.934800 Mo0+
0.286800 0.934800 0.713200 Mo0+
0.565200 0.786800 0.434800 Mo0+
0.786800 0.565200 0.213200 Mo0+
0.434800 0.213200 0.565200 Mo0+
0.213200 0.434800 0.786800 Mo0+
0.065200 0.286800 0.713200 Mo0+
0.286800 0.065200 0.934800 Mo0+
0.713200 0.934800 0.065200 Mo0+
0.934800 0.713200 0.286800 Mo0+
0.782500 0.543700 0.631500 Sn0+
0.631500 0.042300 0.782500 Sn0+
0.042300 0.631500 0.543700 Sn0+
0.543700 0.782500 0.042300 Sn0+
0.282500 0.542300 0.131500 Sn0+
0.131500 0.043700 0.282500 Sn0+
0.043700 0.131500 0.542300 Sn0+
0.542300 0.282500 0.043700 Sn0+
0.543700 0.631500 0.782500 Sn0+
0.042300 0.782500 0.631500 Sn0+
0.631500 0.543700 0.042300 Sn0+
0.782500 0.042300 0.543700 Sn0+
0.542300 0.131500 0.282500 Sn0+
0.043700 0.282500 0.131500 Sn0+
0.131500 0.542300 0.043700 Sn0+
0.282500 0.043700 0.542300 Sn0+
0.631500 0.782500 0.543700 Sn0+
0.782500 0.631500 0.042300 Sn0+
0.543700 0.042300 0.631500 Sn0+
0.042300 0.543700 0.782500 Sn0+
0.131500 0.282500 0.542300 Sn0+
0.282500 0.131500 0.043700 Sn0+
0.542300 0.043700 0.131500 Sn0+
0.043700 0.542300 0.282500 Sn0+
0.217500 0.456300 0.368500 Sn0+
0.368500 0.957700 0.217500 Sn0+
0.957700 0.368500 0.456300 Sn0+
0.456300 0.217500 0.957700 Sn0+
0.717500 0.457700 0.868500 Sn0+
0.868500 0.956300 0.717500 Sn0+
0.956300 0.868500 0.457700 Sn0+
0.457700 0.717500 0.956300 Sn0+
0.456300 0.368500 0.217500 Sn0+
0.957700 0.217500 0.368500 Sn0+
0.368500 0.456300 0.957700 Sn0+
0.217500 0.957700 0.456300 Sn0+
0.457700 0.868500 0.717500 Sn0+
0.956300 0.717500 0.868500 Sn0+
0.868500 0.457700 0.956300 Sn0+
0.717500 0.956300 0.457700 Sn0+
0.368500 0.217500 0.456300 Sn0+
0.217500 0.368500 0.957700 Sn0+
0.456300 0.957700 0.368500 Sn0+
0.957700 0.456300 0.217500 Sn0+
0.868500 0.717500 0.457700 Sn0+
0.717500 0.868500 0.956300 Sn0+
0.457700 0.956300 0.868500 Sn0+
0.956300 0.457700 0.717500 Sn0+
0.677600 0.322400 0.677600 Zn0+
0.322400 0.677600 0.322400 Zn0+
0.177600 0.822400 0.177600 Zn0+
0.822400 0.177600 0.822400 Zn0+
0.322400 0.677600 0.677600 Zn0+
0.677600 0.322400 0.322400 Zn0+
0.822400 0.177600 0.177600 Zn0+
0.177600 0.822400 0.822400 Zn0+
0.677600 0.677600 0.322400 Zn0+
0.322400 0.322400 0.677600 Zn0+
0.177600 0.177600 0.822400 Zn0+
0.822400 0.822400 0.177600 Zn0+
0.642300 0.467700 0.532300 Zn0+
0.532300 0.357700 0.642300 Zn0+
0.357700 0.532300 0.467700 Zn0+
0.467700 0.642300 0.357700 Zn0+
0.142300 0.857700 0.032300 Zn0+
0.032300 0.967700 0.142300 Zn0+
0.967700 0.032300 0.857700 Zn0+
0.857700 0.142300 0.967700 Zn0+
0.467700 0.532300 0.642300 Zn0+
0.357700 0.642300 0.532300 Zn0+
0.532300 0.467700 0.357700 Zn0+
0.642300 0.357700 0.467700 Zn0+
0.857700 0.032300 0.142300 Zn0+
0.967700 0.142300 0.032300 Zn0+
0.032300 0.857700 0.967700 Zn0+
0.142300 0.967700 0.857700 Zn0+
0.532300 0.642300 0.467700 Zn0+
0.642300 0.532300 0.357700 Zn0+
0.467700 0.357700 0.532300 Zn0+
0.357700 0.467700 0.642300 Zn0+
0.032300 0.142300 0.857700 Zn0+
0.142300 0.032300 0.967700 Zn0+
0.857700 0.967700 0.032300 Zn0+
0.967700 0.857700 0.142300 Zn0+
0.492900 0.799500 0.315100 Zn0+
0.315100 0.392500 0.492900 Zn0+
0.392500 0.315100 0.799500 Zn0+
0.799500 0.492900 0.392500 Zn0+
0.992900 0.892500 0.815100 Zn0+
0.815100 0.299500 0.992900 Zn0+
0.299500 0.815100 0.892500 Zn0+
0.892500 0.992900 0.299500 Zn0+
0.799500 0.315100 0.492900 Zn0+
0.392500 0.492900 0.315100 Zn0+
0.315100 0.799500 0.392500 Zn0+
0.492900 0.392500 0.799500 Zn0+
0.892500 0.815100 0.992900 Zn0+
0.299500 0.992900 0.815100 Zn0+
0.815100 0.892500 0.299500 Zn0+
0.992900 0.299500 0.892500 Zn0+
0.315100 0.492900 0.799500 Zn0+
0.492900 0.315100 0.392500 Zn0+
0.799500 0.392500 0.315100 Zn0+
0.392500 0.799500 0.492900 Zn0+
0.815100 0.992900 0.892500 Zn0+
0.992900 0.815100 0.299500 Zn0+
0.892500 0.299500 0.815100 Zn0+
0.299500 0.892500 0.992900 Zn0+
0.507100 0.200500 0.684900 Zn0+
0.684900 0.607500 0.507100 Zn0+
0.607500 0.684900 0.200500 Zn0+
0.200500 0.507100 0.607500 Zn0+
0.007100 0.107500 0.184900 Zn0+
0.184900 0.700500 0.007100 Zn0+
0.700500 0.184900 0.107500 Zn0+
0.107500 0.007100 0.700500 Zn0+
0.200500 0.684900 0.507100 Zn0+
0.607500 0.507100 0.684900 Zn0+
0.684900 0.200500 0.607500 Zn0+
0.507100 0.607500 0.200500 Zn0+
0.107500 0.184900 0.007100 Zn0+
0.700500 0.007100 0.184900 Zn0+
0.184900 0.107500 0.700500 Zn0+
0.007100 0.700500 0.107500 Zn0+
0.684900 0.507100 0.200500 Zn0+
0.507100 0.684900 0.607500 Zn0+
0.200500 0.607500 0.684900 Zn0+
0.607500 0.200500 0.507100 Zn0+
0.184900 0.007100 0.107500 Zn0+
0.007100 0.184900 0.700500 Zn0+
0.107500 0.700500 0.184900 Zn0+
0.700500 0.107500 0.007100 Zn0+
0.866600 0.569800 0.430200 Zn0+
0.430200 0.133400 0.866600 Zn0+
0.133400 0.430200 0.569800 Zn0+
0.569800 0.866600 0.133400 Zn0+
0.366600 0.633400 0.930200 Zn0+
0.930200 0.069800 0.366600 Zn0+
0.069800 0.930200 0.633400 Zn0+
0.633400 0.366600 0.069800 Zn0+
0.569800 0.430200 0.866600 Zn0+
0.133400 0.866600 0.430200 Zn0+
0.430200 0.569800 0.133400 Zn0+
0.866600 0.133400 0.569800 Zn0+
0.633400 0.930200 0.366600 Zn0+
0.069800 0.366600 0.930200 Zn0+
0.930200 0.633400 0.069800 Zn0+
0.366600 0.069800 0.633400 Zn0+
0.430200 0.866600 0.569800 Zn0+
0.866600 0.430200 0.133400 Zn0+
0.569800 0.133400 0.430200 Zn0+
0.133400 0.569800 0.866600 Zn0+
0.930200 0.366600 0.633400 Zn0+
0.366600 0.930200 0.069800 Zn0+
0.633400 0.069800 0.930200 Zn0+
0.069800 0.633400 0.366600 Zn0+
0.862200 0.250000 0.637800 Zn0+
0.637800 0.250000 0.862200 Zn0+
0.250000 0.637800 0.250000 Zn0+
0.250000 0.862200 0.250000 Zn0+
0.362200 0.750000 0.137800 Zn0+
0.137800 0.750000 0.362200 Zn0+
0.750000 0.137800 0.750000 Zn0+
0.750000 0.362200 0.750000 Zn0+
0.250000 0.637800 0.862200 Zn0+
0.250000 0.862200 0.637800 Zn0+
0.637800 0.250000 0.250000 Zn0+
0.862200 0.250000 0.250000 Zn0+
0.750000 0.137800 0.362200 Zn0+
0.750000 0.362200 0.137800 Zn0+
0.137800 0.750000 0.750000 Zn0+
0.362200 0.750000 0.750000 Zn0+
0.637800 0.862200 0.250000 Zn0+
0.862200 0.637800 0.250000 Zn0+
0.250000 0.250000 0.637800 Zn0+
0.250000 0.250000 0.862200 Zn0+
0.137800 0.362200 0.750000 Zn0+
0.362200 0.137800 0.750000 Zn0+
0.750000 0.750000 0.137800 Zn0+
0.750000 0.750000 0.362200 Zn0+
0.689900 0.689900 0.930300 Zn0+
0.930300 0.689900 0.689900 Zn0+
0.689900 0.930300 0.689900 Zn0+
0.689900 0.689900 0.689900 Zn0+
0.189900 0.189900 0.430300 Zn0+
0.430300 0.189900 0.189900 Zn0+
0.189900 0.430300 0.189900 Zn0+
0.189900 0.189900 0.189900 Zn0+
0.310100 0.310100 0.069700 Zn0+
0.069700 0.310100 0.310100 Zn0+
0.310100 0.069700 0.310100 Zn0+
0.310100 0.310100 0.310100 Zn0+
0.810100 0.810100 0.569700 Zn0+
0.569700 0.810100 0.810100 Zn0+
0.810100 0.569700 0.810100 Zn0+
0.810100 0.810100 0.810100 Zn0+
0.860200 0.639800 0.860200 Zn0+
0.639800 0.860200 0.639800 Zn0+
0.360200 0.139800 0.360200 Zn0+
0.139800 0.360200 0.139800 Zn0+
0.639800 0.860200 0.860200 Zn0+
0.860200 0.639800 0.639800 Zn0+
0.139800 0.360200 0.360200 Zn0+
0.360200 0.139800 0.139800 Zn0+
0.860200 0.860200 0.639800 Zn0+
0.639800 0.639800 0.860200 Zn0+
0.360200 0.360200 0.139800 Zn0+
0.139800 0.139800 0.360200 Zn0+
