Ga24 P24 O102
1.0
-12.001500 -12.001500 0.000000
-12.001500 0.000000 -12.001500
-0.000000 -12.001500 -12.001500
Ga O P
24 102 24
direct
0.390730 0.609270 0.226770 Ga3+
0.226770 0.773230 0.390730 Ga3+
0.773230 0.226770 0.609270 Ga3+
0.609270 0.390730 0.773230 Ga3+
0.890730 0.273230 0.726770 Ga3+
0.726770 0.109270 0.890730 Ga3+
0.109270 0.726770 0.273230 Ga3+
0.273230 0.890730 0.109270 Ga3+
0.609270 0.226770 0.390730 Ga3+
0.773230 0.390730 0.226770 Ga3+
0.226770 0.609270 0.773230 Ga3+
0.390730 0.773230 0.609270 Ga3+
0.273230 0.726770 0.890730 Ga3+
0.109270 0.890730 0.726770 Ga3+
0.726770 0.273230 0.109270 Ga3+
0.890730 0.109270 0.273230 Ga3+
0.226770 0.390730 0.609270 Ga3+
0.390730 0.226770 0.773230 Ga3+
0.609270 0.773230 0.226770 Ga3+
0.773230 0.609270 0.390730 Ga3+
0.726770 0.890730 0.273230 Ga3+
0.890730 0.726770 0.109270 Ga3+
0.273230 0.109270 0.726770 Ga3+
0.109270 0.273230 0.890730 Ga3+
0.496600 0.503400 0.201800 O2-
0.201800 0.798200 0.496600 O2-
0.798200 0.201800 0.503400 O2-
0.503400 0.496600 0.798200 O2-
0.996600 0.298200 0.701800 O2-
0.701800 0.003400 0.996600 O2-
0.003400 0.701800 0.298200 O2-
0.298200 0.996600 0.003400 O2-
0.503400 0.201800 0.496600 O2-
0.798200 0.496600 0.201800 O2-
0.201800 0.503400 0.798200 O2-
0.496600 0.798200 0.503400 O2-
0.298200 0.701800 0.996600 O2-
0.003400 0.996600 0.701800 O2-
0.701800 0.298200 0.003400 O2-
0.996600 0.003400 0.298200 O2-
0.201800 0.496600 0.503400 O2-
0.496600 0.201800 0.798200 O2-
0.503400 0.798200 0.201800 O2-
0.798200 0.503400 0.496600 O2-
0.701800 0.996600 0.298200 O2-
0.996600 0.701800 0.003400 O2-
0.298200 0.003400 0.701800 O2-
0.003400 0.298200 0.996600 O2-
0.627290 0.372710 0.144990 O2-
0.144990 0.855010 0.627290 O2-
0.855010 0.144990 0.372710 O2-
0.372710 0.627290 0.855010 O2-
0.127290 0.355010 0.644990 O2-
0.644990 0.872710 0.127290 O2-
0.872710 0.644990 0.355010 O2-
0.355010 0.127290 0.872710 O2-
0.372710 0.144990 0.627290 O2-
0.855010 0.627290 0.144990 O2-
0.144990 0.372710 0.855010 O2-
0.627290 0.855010 0.372710 O2-
0.355010 0.644990 0.127290 O2-
0.872710 0.127290 0.644990 O2-
0.644990 0.355010 0.872710 O2-
0.127290 0.872710 0.355010 O2-
0.144990 0.627290 0.372710 O2-
0.627290 0.144990 0.855010 O2-
0.372710 0.855010 0.144990 O2-
0.855010 0.372710 0.627290 O2-
0.644990 0.127290 0.355010 O2-
0.127290 0.644990 0.872710 O2-
0.355010 0.872710 0.644990 O2-
0.872710 0.355010 0.127290 O2-
0.551980 0.346640 0.320160 O2-
0.320160 0.781220 0.551980 O2-
0.781220 0.320160 0.346640 O2-
0.346640 0.551980 0.781220 O2-
0.051980 0.281220 0.820160 O2-
0.820160 0.846640 0.051980 O2-
0.846640 0.820160 0.281220 O2-
0.281220 0.051980 0.846640 O2-
0.346640 0.320160 0.551980 O2-
0.781220 0.551980 0.320160 O2-
0.320160 0.346640 0.781220 O2-
0.551980 0.781220 0.346640 O2-
0.281220 0.820160 0.051980 O2-
0.846640 0.051980 0.820160 O2-
0.820160 0.281220 0.846640 O2-
0.051980 0.846640 0.281220 O2-
0.320160 0.551980 0.346640 O2-
0.551980 0.320160 0.781220 O2-
0.346640 0.781220 0.320160 O2-
0.781220 0.346640 0.551980 O2-
0.820160 0.051980 0.281220 O2-
0.051980 0.820160 0.846640 O2-
0.281220 0.846640 0.820160 O2-
0.846640 0.281220 0.051980 O2-
0.448020 0.653360 0.679840 O2-
0.679840 0.218780 0.448020 O2-
0.218780 0.679840 0.653360 O2-
0.653360 0.448020 0.218780 O2-
0.948020 0.718780 0.179840 O2-
0.179840 0.153360 0.948020 O2-
0.153360 0.179840 0.718780 O2-
0.718780 0.948020 0.153360 O2-
0.653360 0.679840 0.448020 O2-
0.218780 0.448020 0.679840 O2-
0.679840 0.653360 0.218780 O2-
0.448020 0.218780 0.653360 O2-
0.718780 0.179840 0.948020 O2-
0.153360 0.948020 0.179840 O2-
0.179840 0.718780 0.153360 O2-
0.948020 0.153360 0.718780 O2-
0.679840 0.448020 0.653360 O2-
0.448020 0.679840 0.218780 O2-
0.653360 0.218780 0.679840 O2-
0.218780 0.653360 0.448020 O2-
0.179840 0.948020 0.718780 O2-
0.948020 0.179840 0.153360 O2-
0.718780 0.153360 0.179840 O2-
0.153360 0.718780 0.948020 O2-
0.250000 0.750000 0.250000 O2-
0.750000 0.250000 0.750000 O2-
0.750000 0.250000 0.250000 O2-
0.250000 0.750000 0.750000 O2-
0.250000 0.250000 0.750000 O2-
0.750000 0.750000 0.250000 O2-
0.583200 0.416800 0.221720 P5+
0.221720 0.778280 0.583200 P5+
0.778280 0.221720 0.416800 P5+
0.416800 0.583200 0.778280 P5+
0.083200 0.278280 0.721720 P5+
0.721720 0.916800 0.083200 P5+
0.916800 0.721720 0.278280 P5+
0.278280 0.083200 0.916800 P5+
0.416800 0.221720 0.583200 P5+
0.778280 0.583200 0.221720 P5+
0.221720 0.416800 0.778280 P5+
0.583200 0.778280 0.416800 P5+
0.278280 0.721720 0.083200 P5+
0.916800 0.083200 0.721720 P5+
0.721720 0.278280 0.916800 P5+
0.083200 0.916800 0.278280 P5+
0.221720 0.583200 0.416800 P5+
0.583200 0.221720 0.778280 P5+
0.416800 0.778280 0.221720 P5+
0.778280 0.416800 0.583200 P5+
0.721720 0.083200 0.278280 P5+
0.083200 0.721720 0.916800 P5+
0.278280 0.916800 0.721720 P5+
0.916800 0.278280 0.083200 P5+
