Si224
1.0
-12.987650 -12.987650 0.000000
-12.987650 0.000000 -12.987650
-0.000000 -12.987650 -12.987650
Si
224
direct
0.944780 0.073380 0.782620 Si0+
0.699220 0.782620 0.073380 Si0+
0.782620 0.699220 0.944780 Si0+
0.073380 0.944780 0.699220 Si0+
0.782620 0.944780 0.073380 Si0+
0.073380 0.699220 0.782620 Si0+
0.944780 0.782620 0.699220 Si0+
0.699220 0.073380 0.944780 Si0+
0.073380 0.782620 0.944780 Si0+
0.782620 0.073380 0.699220 Si0+
0.699220 0.944780 0.782620 Si0+
0.944780 0.699220 0.073380 Si0+
0.073380 0.944780 0.782620 Si0+
0.782620 0.699220 0.073380 Si0+
0.699220 0.782620 0.944780 Si0+
0.944780 0.073380 0.699220 Si0+
0.944780 0.782620 0.073380 Si0+
0.699220 0.073380 0.782620 Si0+
0.782620 0.944780 0.699220 Si0+
0.073380 0.699220 0.944780 Si0+
0.782620 0.073380 0.944780 Si0+
0.073380 0.782620 0.699220 Si0+
0.944780 0.699220 0.782620 Si0+
0.699220 0.944780 0.073380 Si0+
0.055220 0.926620 0.217380 Si0+
0.300780 0.217380 0.926620 Si0+
0.217380 0.300780 0.055220 Si0+
0.926620 0.055220 0.300780 Si0+
0.217380 0.055220 0.926620 Si0+
0.926620 0.300780 0.217380 Si0+
0.055220 0.217380 0.300780 Si0+
0.300780 0.926620 0.055220 Si0+
0.926620 0.217380 0.055220 Si0+
0.217380 0.926620 0.300780 Si0+
0.300780 0.055220 0.217380 Si0+
0.055220 0.300780 0.926620 Si0+
0.926620 0.055220 0.217380 Si0+
0.217380 0.300780 0.926620 Si0+
0.300780 0.217380 0.055220 Si0+
0.055220 0.926620 0.300780 Si0+
0.055220 0.217380 0.926620 Si0+
0.300780 0.926620 0.217380 Si0+
0.217380 0.055220 0.300780 Si0+
0.926620 0.300780 0.055220 Si0+
0.217380 0.926620 0.055220 Si0+
0.926620 0.217380 0.300780 Si0+
0.055220 0.300780 0.217380 Si0+
0.300780 0.055220 0.926620 Si0+
0.685910 0.555470 0.315210 Si0+
0.943410 0.315210 0.555470 Si0+
0.315210 0.943410 0.685910 Si0+
0.555470 0.685910 0.943410 Si0+
0.315210 0.685910 0.555470 Si0+
0.555470 0.943410 0.315210 Si0+
0.685910 0.315210 0.943410 Si0+
0.943410 0.555470 0.685910 Si0+
0.555470 0.315210 0.685910 Si0+
0.315210 0.555470 0.943410 Si0+
0.943410 0.685910 0.315210 Si0+
0.685910 0.943410 0.555470 Si0+
0.555470 0.685910 0.315210 Si0+
0.315210 0.943410 0.555470 Si0+
0.943410 0.315210 0.685910 Si0+
0.685910 0.555470 0.943410 Si0+
0.685910 0.315210 0.555470 Si0+
0.943410 0.555470 0.315210 Si0+
0.315210 0.685910 0.943410 Si0+
0.555470 0.943410 0.685910 Si0+
0.315210 0.555470 0.685910 Si0+
0.555470 0.315210 0.943410 Si0+
0.685910 0.943410 0.315210 Si0+
0.943410 0.685910 0.555470 Si0+
0.314090 0.444530 0.684790 Si0+
0.056590 0.684790 0.444530 Si0+
0.684790 0.056590 0.314090 Si0+
0.444530 0.314090 0.056590 Si0+
0.684790 0.314090 0.444530 Si0+
0.444530 0.056590 0.684790 Si0+
0.314090 0.684790 0.056590 Si0+
0.056590 0.444530 0.314090 Si0+
0.444530 0.684790 0.314090 Si0+
0.684790 0.444530 0.056590 Si0+
0.056590 0.314090 0.684790 Si0+
0.314090 0.056590 0.444530 Si0+
0.444530 0.314090 0.684790 Si0+
0.684790 0.056590 0.444530 Si0+
0.056590 0.684790 0.314090 Si0+
0.314090 0.444530 0.056590 Si0+
0.314090 0.684790 0.444530 Si0+
0.056590 0.444530 0.684790 Si0+
0.684790 0.314090 0.056590 Si0+
0.444530 0.056590 0.314090 Si0+
0.684790 0.444530 0.314090 Si0+
0.444530 0.684790 0.056590 Si0+
0.314090 0.056590 0.684790 Si0+
0.056590 0.314090 0.444530 Si0+
0.184480 0.556980 0.330380 Si0+
0.428160 0.330380 0.556980 Si0+
0.330380 0.428160 0.184480 Si0+
0.556980 0.184480 0.428160 Si0+
0.330380 0.184480 0.556980 Si0+
0.556980 0.428160 0.330380 Si0+
0.184480 0.330380 0.428160 Si0+
0.428160 0.556980 0.184480 Si0+
0.556980 0.330380 0.184480 Si0+
0.330380 0.556980 0.428160 Si0+
0.428160 0.184480 0.330380 Si0+
0.184480 0.428160 0.556980 Si0+
0.556980 0.184480 0.330380 Si0+
0.330380 0.428160 0.556980 Si0+
0.428160 0.330380 0.184480 Si0+
0.184480 0.556980 0.428160 Si0+
0.184480 0.330380 0.556980 Si0+
0.428160 0.556980 0.330380 Si0+
0.330380 0.184480 0.428160 Si0+
0.556980 0.428160 0.184480 Si0+
0.330380 0.556980 0.184480 Si0+
0.556980 0.330380 0.428160 Si0+
0.184480 0.428160 0.330380 Si0+
0.428160 0.184480 0.556980 Si0+
0.815520 0.443020 0.669620 Si0+
0.571840 0.669620 0.443020 Si0+
0.669620 0.571840 0.815520 Si0+
0.443020 0.815520 0.571840 Si0+
0.669620 0.815520 0.443020 Si0+
0.443020 0.571840 0.669620 Si0+
0.815520 0.669620 0.571840 Si0+
0.571840 0.443020 0.815520 Si0+
0.443020 0.669620 0.815520 Si0+
0.669620 0.443020 0.571840 Si0+
0.571840 0.815520 0.669620 Si0+
0.815520 0.571840 0.443020 Si0+
0.443020 0.815520 0.669620 Si0+
0.669620 0.571840 0.443020 Si0+
0.571840 0.669620 0.815520 Si0+
0.815520 0.443020 0.571840 Si0+
0.815520 0.669620 0.443020 Si0+
0.571840 0.443020 0.669620 Si0+
0.669620 0.815520 0.571840 Si0+
0.443020 0.571840 0.815520 Si0+
0.669620 0.443020 0.815520 Si0+
0.443020 0.669620 0.571840 Si0+
0.815520 0.571840 0.669620 Si0+
0.571840 0.815520 0.443020 Si0+
0.794380 0.140480 0.640480 Si0+
0.924660 0.640480 0.140480 Si0+
0.640480 0.924660 0.794380 Si0+
0.140480 0.794380 0.924660 Si0+
0.640480 0.794380 0.140480 Si0+
0.140480 0.924660 0.640480 Si0+
0.794380 0.640480 0.924660 Si0+
0.924660 0.140480 0.794380 Si0+
0.140480 0.640480 0.794380 Si0+
0.640480 0.140480 0.924660 Si0+
0.924660 0.794380 0.640480 Si0+
0.794380 0.924660 0.140480 Si0+
0.140480 0.794380 0.640480 Si0+
0.640480 0.924660 0.140480 Si0+
0.924660 0.640480 0.794380 Si0+
0.794380 0.140480 0.924660 Si0+
0.794380 0.640480 0.140480 Si0+
0.924660 0.140480 0.640480 Si0+
0.640480 0.794380 0.924660 Si0+
0.140480 0.924660 0.794380 Si0+
0.640480 0.140480 0.794380 Si0+
0.140480 0.640480 0.924660 Si0+
0.794380 0.924660 0.640480 Si0+
0.924660 0.794380 0.140480 Si0+
0.205620 0.859520 0.359520 Si0+
0.075340 0.359520 0.859520 Si0+
0.359520 0.075340 0.205620 Si0+
0.859520 0.205620 0.075340 Si0+
0.359520 0.205620 0.859520 Si0+
0.859520 0.075340 0.359520 Si0+
0.205620 0.359520 0.075340 Si0+
0.075340 0.859520 0.205620 Si0+
0.859520 0.359520 0.205620 Si0+
0.359520 0.859520 0.075340 Si0+
0.075340 0.205620 0.359520 Si0+
0.205620 0.075340 0.859520 Si0+
0.859520 0.205620 0.359520 Si0+
0.359520 0.075340 0.859520 Si0+
0.075340 0.359520 0.205620 Si0+
0.205620 0.859520 0.075340 Si0+
0.205620 0.359520 0.859520 Si0+
0.075340 0.859520 0.359520 Si0+
0.359520 0.205620 0.075340 Si0+
0.859520 0.075340 0.205620 Si0+
0.359520 0.859520 0.205620 Si0+
0.859520 0.359520 0.075340 Si0+
0.205620 0.075340 0.359520 Si0+
0.075340 0.205620 0.859520 Si0+
0.197330 0.197330 0.697330 Si0+
0.408010 0.697330 0.197330 Si0+
0.697330 0.408010 0.197330 Si0+
0.197330 0.197330 0.408010 Si0+
0.697330 0.197330 0.197330 Si0+
0.197330 0.408010 0.697330 Si0+
0.197330 0.697330 0.408010 Si0+
0.408010 0.197330 0.197330 Si0+
0.197330 0.697330 0.197330 Si0+
0.697330 0.197330 0.408010 Si0+
0.408010 0.197330 0.697330 Si0+
0.197330 0.408010 0.197330 Si0+
0.802670 0.802670 0.302670 Si0+
0.591990 0.302670 0.802670 Si0+
0.302670 0.591990 0.802670 Si0+
0.802670 0.802670 0.591990 Si0+
0.302670 0.802670 0.802670 Si0+
0.802670 0.591990 0.302670 Si0+
0.802670 0.302670 0.591990 Si0+
0.591990 0.802670 0.802670 Si0+
0.802670 0.302670 0.802670 Si0+
0.302670 0.802670 0.591990 Si0+
0.591990 0.802670 0.302670 Si0+
0.802670 0.591990 0.802670 Si0+
0.250000 0.250000 0.750000 Si0+
0.250000 0.750000 0.250000 Si0+
0.750000 0.250000 0.250000 Si0+
0.250000 0.250000 0.250000 Si0+
0.750000 0.750000 0.250000 Si0+
0.750000 0.250000 0.750000 Si0+
0.250000 0.750000 0.750000 Si0+
0.750000 0.750000 0.750000 Si0+
