Si48 O96
1.0
   14.337719999999999 0.000000000000000 0.000000000000000
   0.000000000000000 14.337719999999999 0.000000000000000
   0.000000000000000 0.000000000000000 14.337719999999999
 Si  O  
 48  96  
Direct
   0.727320000000000 0.808720000000000 0.895380000000000
   0.191280000000000 0.104620000000000 0.727320000000000
   0.895380000000000 0.272680000000000 0.191280000000000
   0.272680000000000 0.191280000000000 0.104620000000000
   0.808720000000000 0.895380000000000 0.272680000000000
   0.104620000000000 0.727320000000000 0.808720000000000
   0.727320000000000 0.191280000000000 0.104620000000000
   0.191280000000000 0.895380000000000 0.272680000000000
   0.895380000000000 0.727320000000000 0.808720000000000
   0.272680000000000 0.808720000000000 0.895380000000000
   0.808720000000000 0.104620000000000 0.727320000000000
   0.104620000000000 0.272680000000000 0.191280000000000
   0.272680000000000 0.191280000000000 0.895380000000000
   0.808720000000000 0.895380000000000 0.727320000000000
   0.104620000000000 0.727320000000000 0.191280000000000
   0.727320000000000 0.808720000000000 0.104620000000000
   0.191280000000000 0.104620000000000 0.272680000000000
   0.895380000000000 0.272680000000000 0.808720000000000
   0.272680000000000 0.808720000000000 0.104620000000000
   0.808720000000000 0.104620000000000 0.272680000000000
   0.104620000000000 0.272680000000000 0.808720000000000
   0.727320000000000 0.191280000000000 0.895380000000000
   0.191280000000000 0.895380000000000 0.727320000000000
   0.895380000000000 0.727320000000000 0.191280000000000
   0.227320000000000 0.395380000000000 0.308720000000000
   0.691280000000000 0.227320000000000 0.604620000000000
   0.395380000000000 0.691280000000000 0.772680000000000
   0.772680000000000 0.604620000000000 0.691280000000000
   0.308720000000000 0.772680000000000 0.395380000000000
   0.604620000000000 0.308720000000000 0.227320000000000
   0.227320000000000 0.604620000000000 0.691280000000000
   0.691280000000000 0.772680000000000 0.395380000000000
   0.395380000000000 0.308720000000000 0.227320000000000
   0.772680000000000 0.395380000000000 0.308720000000000
   0.308720000000000 0.227320000000000 0.604620000000000
   0.604620000000000 0.691280000000000 0.772680000000000
   0.772680000000000 0.395380000000000 0.691280000000000
   0.308720000000000 0.227320000000000 0.395380000000000
   0.604620000000000 0.691280000000000 0.227320000000000
   0.227320000000000 0.604620000000000 0.308720000000000
   0.691280000000000 0.772680000000000 0.604620000000000
   0.395380000000000 0.308720000000000 0.772680000000000
   0.772680000000000 0.604620000000000 0.308720000000000
   0.308720000000000 0.772680000000000 0.604620000000000
   0.604620000000000 0.308720000000000 0.772680000000000
   0.227320000000000 0.395380000000000 0.691280000000000
   0.691280000000000 0.227320000000000 0.395380000000000
   0.395380000000000 0.691280000000000 0.227320000000000
   0.287720000000000 0.153260000000000 0.000000000000000
   0.846740000000000 0.000000000000000 0.287720000000000
   0.000000000000000 0.712280000000000 0.846740000000000
   0.712280000000000 0.846740000000000 0.000000000000000
   0.153260000000000 0.000000000000000 0.712280000000000
   0.000000000000000 0.287720000000000 0.153260000000000
   0.287720000000000 0.846740000000000 0.000000000000000
   0.846740000000000 0.000000000000000 0.712280000000000
   0.712280000000000 0.153260000000000 0.000000000000000
   0.153260000000000 0.000000000000000 0.287720000000000
   0.000000000000000 0.287720000000000 0.846740000000000
   0.000000000000000 0.712280000000000 0.153260000000000
   0.787720000000000 0.500000000000000 0.653260000000000
   0.346740000000000 0.787720000000000 0.500000000000000
   0.500000000000000 0.346740000000000 0.212280000000000
   0.212280000000000 0.500000000000000 0.346740000000000
   0.653260000000000 0.212280000000000 0.500000000000000
   0.500000000000000 0.653260000000000 0.787720000000000
   0.787720000000000 0.500000000000000 0.346740000000000
   0.346740000000000 0.212280000000000 0.500000000000000
   0.212280000000000 0.500000000000000 0.653260000000000
   0.653260000000000 0.787720000000000 0.500000000000000
   0.500000000000000 0.346740000000000 0.787720000000000
   0.500000000000000 0.653260000000000 0.212280000000000
   0.863330000000000 0.363330000000000 0.250000000000000
   0.636670000000000 0.750000000000000 0.863330000000000
   0.250000000000000 0.136670000000000 0.636670000000000
   0.136670000000000 0.636670000000000 0.750000000000000
   0.363330000000000 0.250000000000000 0.136670000000000
   0.750000000000000 0.863330000000000 0.363330000000000
   0.863330000000000 0.636670000000000 0.750000000000000
   0.636670000000000 0.250000000000000 0.136670000000000
   0.250000000000000 0.863330000000000 0.363330000000000
   0.136670000000000 0.363330000000000 0.250000000000000
   0.363330000000000 0.750000000000000 0.863330000000000
   0.750000000000000 0.136670000000000 0.636670000000000
   0.136670000000000 0.636670000000000 0.250000000000000
   0.363330000000000 0.250000000000000 0.863330000000000
   0.750000000000000 0.863330000000000 0.636670000000000
   0.863330000000000 0.363330000000000 0.750000000000000
   0.636670000000000 0.750000000000000 0.136670000000000
   0.250000000000000 0.136670000000000 0.363330000000000
   0.136670000000000 0.363330000000000 0.750000000000000
   0.363330000000000 0.750000000000000 0.136670000000000
   0.750000000000000 0.136670000000000 0.363330000000000
   0.863330000000000 0.636670000000000 0.250000000000000
   0.636670000000000 0.250000000000000 0.863330000000000
   0.250000000000000 0.863330000000000 0.636670000000000
   0.820730000000000 0.742920000000000 0.892290000000000
   0.257080000000000 0.107710000000000 0.820730000000000
   0.892290000000000 0.179270000000000 0.257080000000000
   0.179270000000000 0.257080000000000 0.107710000000000
   0.742920000000000 0.892290000000000 0.179270000000000
   0.107710000000000 0.820730000000000 0.742920000000000
   0.820730000000000 0.257080000000000 0.107710000000000
   0.257080000000000 0.892290000000000 0.179270000000000
   0.892290000000000 0.820730000000000 0.742920000000000
   0.179270000000000 0.742920000000000 0.892290000000000
   0.742920000000000 0.107710000000000 0.820730000000000
   0.107710000000000 0.179270000000000 0.257080000000000
   0.179270000000000 0.257080000000000 0.892290000000000
   0.742920000000000 0.892290000000000 0.820730000000000
   0.107710000000000 0.820730000000000 0.257080000000000
   0.820730000000000 0.742920000000000 0.107710000000000
   0.257080000000000 0.107710000000000 0.179270000000000
   0.892290000000000 0.179270000000000 0.742920000000000
   0.179270000000000 0.742920000000000 0.107710000000000
   0.742920000000000 0.107710000000000 0.179270000000000
   0.107710000000000 0.179270000000000 0.742920000000000
   0.820730000000000 0.257080000000000 0.892290000000000
   0.257080000000000 0.892290000000000 0.820730000000000
   0.892290000000000 0.820730000000000 0.257080000000000
   0.320730000000000 0.392290000000000 0.242920000000000
   0.757080000000000 0.320730000000000 0.607710000000000
   0.392290000000000 0.757080000000000 0.679270000000000
   0.679270000000000 0.607710000000000 0.757080000000000
   0.242920000000000 0.679270000000000 0.392290000000000
   0.607710000000000 0.242920000000000 0.320730000000000
   0.320730000000000 0.607710000000000 0.757080000000000
   0.757080000000000 0.679270000000000 0.392290000000000
   0.392290000000000 0.242920000000000 0.320730000000000
   0.679270000000000 0.392290000000000 0.242920000000000
   0.242920000000000 0.320730000000000 0.607710000000000
   0.607710000000000 0.757080000000000 0.679270000000000
   0.679270000000000 0.392290000000000 0.757080000000000
   0.242920000000000 0.320730000000000 0.392290000000000
   0.607710000000000 0.757080000000000 0.320730000000000
   0.320730000000000 0.607710000000000 0.242920000000000
   0.757080000000000 0.679270000000000 0.607710000000000
   0.392290000000000 0.242920000000000 0.679270000000000
   0.679270000000000 0.607710000000000 0.242920000000000
   0.242920000000000 0.679270000000000 0.607710000000000
   0.607710000000000 0.242920000000000 0.679270000000000
   0.320730000000000 0.392290000000000 0.757080000000000
   0.757080000000000 0.320730000000000 0.392290000000000
   0.392290000000000 0.757080000000000 0.320730000000000
