V28 Zn156 Ga48
1.0
-12.428500 -12.428500 0.000000
-12.428500 0.000000 -12.428500
-0.000000 -12.428500 -12.428500
Ga V Zn
48 28 156
direct
0.456700 0.709700 0.953700 Ga0+
0.953700 0.879900 0.456700 Ga0+
0.879900 0.953700 0.709700 Ga0+
0.709700 0.456700 0.879900 Ga0+
0.956700 0.379900 0.453700 Ga0+
0.453700 0.209700 0.956700 Ga0+
0.209700 0.453700 0.379900 Ga0+
0.379900 0.956700 0.209700 Ga0+
0.709700 0.953700 0.456700 Ga0+
0.879900 0.456700 0.953700 Ga0+
0.953700 0.709700 0.879900 Ga0+
0.456700 0.879900 0.709700 Ga0+
0.379900 0.453700 0.956700 Ga0+
0.209700 0.956700 0.453700 Ga0+
0.453700 0.379900 0.209700 Ga0+
0.956700 0.209700 0.379900 Ga0+
0.953700 0.456700 0.709700 Ga0+
0.456700 0.953700 0.879900 Ga0+
0.709700 0.879900 0.953700 Ga0+
0.879900 0.709700 0.456700 Ga0+
0.453700 0.956700 0.379900 Ga0+
0.956700 0.453700 0.209700 Ga0+
0.379900 0.209700 0.453700 Ga0+
0.209700 0.379900 0.956700 Ga0+
0.543300 0.290300 0.046300 Ga0+
0.046300 0.120100 0.543300 Ga0+
0.120100 0.046300 0.290300 Ga0+
0.290300 0.543300 0.120100 Ga0+
0.043300 0.620100 0.546300 Ga0+
0.546300 0.790300 0.043300 Ga0+
0.790300 0.546300 0.620100 Ga0+
0.620100 0.043300 0.790300 Ga0+
0.290300 0.046300 0.543300 Ga0+
0.120100 0.543300 0.046300 Ga0+
0.046300 0.290300 0.120100 Ga0+
0.543300 0.120100 0.290300 Ga0+
0.620100 0.546300 0.043300 Ga0+
0.790300 0.043300 0.546300 Ga0+
0.546300 0.620100 0.790300 Ga0+
0.043300 0.790300 0.620100 Ga0+
0.046300 0.543300 0.290300 Ga0+
0.543300 0.046300 0.120100 Ga0+
0.290300 0.120100 0.046300 Ga0+
0.120100 0.290300 0.543300 Ga0+
0.546300 0.043300 0.620100 Ga0+
0.043300 0.546300 0.790300 Ga0+
0.620100 0.790300 0.546300 Ga0+
0.790300 0.620100 0.043300 Ga0+
0.500000 0.500000 0.500000 V0+
0.000000 0.000000 0.000000 V0+
0.750000 0.750000 0.750000 V0+
0.250000 0.250000 0.250000 V0+
0.433300 0.789100 0.210900 V0+
0.210900 0.566700 0.433300 V0+
0.566700 0.210900 0.789100 V0+
0.789100 0.433300 0.566700 V0+
0.933300 0.066700 0.710900 V0+
0.710900 0.289100 0.933300 V0+
0.289100 0.710900 0.066700 V0+
0.066700 0.933300 0.289100 V0+
0.789100 0.210900 0.433300 V0+
0.566700 0.433300 0.210900 V0+
0.210900 0.789100 0.566700 V0+
0.433300 0.566700 0.789100 V0+
0.066700 0.710900 0.933300 V0+
0.289100 0.933300 0.710900 V0+
0.710900 0.066700 0.289100 V0+
0.933300 0.289100 0.066700 V0+
0.210900 0.433300 0.789100 V0+
0.433300 0.210900 0.566700 V0+
0.789100 0.566700 0.210900 V0+
0.566700 0.789100 0.433300 V0+
0.710900 0.933300 0.066700 V0+
0.933300 0.710900 0.289100 V0+
0.066700 0.289100 0.710900 V0+
0.289100 0.066700 0.933300 V0+
0.179800 0.820200 0.179800 Zn0+
0.820200 0.179800 0.820200 Zn0+
0.679800 0.320200 0.679800 Zn0+
0.320200 0.679800 0.320200 Zn0+
0.820200 0.179800 0.179800 Zn0+
0.179800 0.820200 0.820200 Zn0+
0.320200 0.679800 0.679800 Zn0+
0.679800 0.320200 0.320200 Zn0+
0.179800 0.179800 0.820200 Zn0+
0.820200 0.820200 0.179800 Zn0+
0.679800 0.679800 0.320200 Zn0+
0.320200 0.320200 0.679800 Zn0+
0.468100 0.647100 0.352900 Zn0+
0.352900 0.531900 0.468100 Zn0+
0.531900 0.352900 0.647100 Zn0+
0.647100 0.468100 0.531900 Zn0+
0.968100 0.031900 0.852900 Zn0+
0.852900 0.147100 0.968100 Zn0+
0.147100 0.852900 0.031900 Zn0+
0.031900 0.968100 0.147100 Zn0+
0.647100 0.352900 0.468100 Zn0+
0.531900 0.468100 0.352900 Zn0+
0.352900 0.647100 0.531900 Zn0+
0.468100 0.531900 0.647100 Zn0+
0.031900 0.852900 0.968100 Zn0+
0.147100 0.968100 0.852900 Zn0+
0.852900 0.031900 0.147100 Zn0+
0.968100 0.147100 0.031900 Zn0+
0.352900 0.468100 0.647100 Zn0+
0.468100 0.352900 0.531900 Zn0+
0.647100 0.531900 0.352900 Zn0+
0.531900 0.647100 0.468100 Zn0+
0.852900 0.968100 0.031900 Zn0+
0.968100 0.852900 0.147100 Zn0+
0.031900 0.147100 0.852900 Zn0+
0.147100 0.031900 0.968100 Zn0+
0.506500 0.615700 0.193100 Zn0+
0.193100 0.684700 0.506500 Zn0+
0.684700 0.193100 0.615700 Zn0+
0.615700 0.506500 0.684700 Zn0+
0.006500 0.184700 0.693100 Zn0+
0.693100 0.115700 0.006500 Zn0+
0.115700 0.693100 0.184700 Zn0+
0.184700 0.006500 0.115700 Zn0+
0.615700 0.193100 0.506500 Zn0+
0.684700 0.506500 0.193100 Zn0+
0.193100 0.615700 0.684700 Zn0+
0.506500 0.684700 0.615700 Zn0+
0.184700 0.693100 0.006500 Zn0+
0.115700 0.006500 0.693100 Zn0+
0.693100 0.184700 0.115700 Zn0+
0.006500 0.115700 0.184700 Zn0+
0.193100 0.506500 0.615700 Zn0+
0.506500 0.193100 0.684700 Zn0+
0.615700 0.684700 0.193100 Zn0+
0.684700 0.615700 0.506500 Zn0+
0.693100 0.006500 0.184700 Zn0+
0.006500 0.693100 0.115700 Zn0+
0.184700 0.115700 0.693100 Zn0+
0.115700 0.184700 0.006500 Zn0+
0.493500 0.384300 0.806900 Zn0+
0.806900 0.315300 0.493500 Zn0+
0.315300 0.806900 0.384300 Zn0+
0.384300 0.493500 0.315300 Zn0+
0.993500 0.815300 0.306900 Zn0+
0.306900 0.884300 0.993500 Zn0+
0.884300 0.306900 0.815300 Zn0+
0.815300 0.993500 0.884300 Zn0+
0.384300 0.806900 0.493500 Zn0+
0.315300 0.493500 0.806900 Zn0+
0.806900 0.384300 0.315300 Zn0+
0.493500 0.315300 0.384300 Zn0+
0.815300 0.306900 0.993500 Zn0+
0.884300 0.993500 0.306900 Zn0+
0.306900 0.815300 0.884300 Zn0+
0.993500 0.884300 0.815300 Zn0+
0.806900 0.493500 0.384300 Zn0+
0.493500 0.806900 0.315300 Zn0+
0.384300 0.315300 0.806900 Zn0+
0.315300 0.384300 0.493500 Zn0+
0.306900 0.993500 0.815300 Zn0+
0.993500 0.306900 0.884300 Zn0+
0.815300 0.884300 0.306900 Zn0+
0.884300 0.815300 0.993500 Zn0+
0.435300 0.564700 0.120700 Zn0+
0.120700 0.879300 0.435300 Zn0+
0.879300 0.120700 0.564700 Zn0+
0.564700 0.435300 0.879300 Zn0+
0.935300 0.379300 0.620700 Zn0+
0.620700 0.064700 0.935300 Zn0+
0.064700 0.620700 0.379300 Zn0+
0.379300 0.935300 0.064700 Zn0+
0.564700 0.120700 0.435300 Zn0+
0.879300 0.435300 0.120700 Zn0+
0.120700 0.564700 0.879300 Zn0+
0.435300 0.879300 0.564700 Zn0+
0.379300 0.620700 0.935300 Zn0+
0.064700 0.935300 0.620700 Zn0+
0.620700 0.379300 0.064700 Zn0+
0.935300 0.064700 0.379300 Zn0+
0.120700 0.435300 0.564700 Zn0+
0.435300 0.120700 0.879300 Zn0+
0.564700 0.879300 0.120700 Zn0+
0.879300 0.564700 0.435300 Zn0+
0.620700 0.935300 0.379300 Zn0+
0.935300 0.620700 0.064700 Zn0+
0.379300 0.064700 0.620700 Zn0+
0.064700 0.379300 0.935300 Zn0+
0.370800 0.750000 0.129200 Zn0+
0.129200 0.750000 0.370800 Zn0+
0.750000 0.129200 0.750000 Zn0+
0.750000 0.370800 0.750000 Zn0+
0.870800 0.250000 0.629200 Zn0+
0.629200 0.250000 0.870800 Zn0+
0.250000 0.629200 0.250000 Zn0+
0.250000 0.870800 0.250000 Zn0+
0.750000 0.129200 0.370800 Zn0+
0.750000 0.370800 0.129200 Zn0+
0.129200 0.750000 0.750000 Zn0+
0.370800 0.750000 0.750000 Zn0+
0.250000 0.629200 0.870800 Zn0+
0.250000 0.870800 0.629200 Zn0+
0.629200 0.250000 0.250000 Zn0+
0.870800 0.250000 0.250000 Zn0+
0.129200 0.370800 0.750000 Zn0+
0.370800 0.129200 0.750000 Zn0+
0.750000 0.750000 0.129200 Zn0+
0.750000 0.750000 0.370800 Zn0+
0.629200 0.870800 0.250000 Zn0+
0.870800 0.629200 0.250000 Zn0+
0.250000 0.250000 0.629200 Zn0+
0.250000 0.250000 0.870800 Zn0+
0.595000 0.750000 0.905000 Zn0+
0.905000 0.750000 0.595000 Zn0+
0.750000 0.905000 0.750000 Zn0+
0.750000 0.595000 0.750000 Zn0+
0.095000 0.250000 0.405000 Zn0+
0.405000 0.250000 0.095000 Zn0+
0.250000 0.405000 0.250000 Zn0+
0.250000 0.095000 0.250000 Zn0+
0.750000 0.905000 0.595000 Zn0+
0.750000 0.595000 0.905000 Zn0+
0.905000 0.750000 0.750000 Zn0+
0.595000 0.750000 0.750000 Zn0+
0.250000 0.405000 0.095000 Zn0+
0.250000 0.095000 0.405000 Zn0+
0.405000 0.250000 0.250000 Zn0+
0.095000 0.250000 0.250000 Zn0+
0.905000 0.595000 0.750000 Zn0+
0.595000 0.905000 0.750000 Zn0+
0.750000 0.750000 0.905000 Zn0+
0.750000 0.750000 0.595000 Zn0+
0.405000 0.095000 0.250000 Zn0+
0.095000 0.405000 0.250000 Zn0+
0.250000 0.250000 0.405000 Zn0+
0.250000 0.250000 0.095000 Zn0+
