B24 H24 O48
1.0
   8.885999999999999 0.000000000000000 0.000000000000000
   0.000000000000000 8.885999999999999 0.000000000000000
   0.000000000000000 0.000000000000000 8.885999999999999
 B  H  O  
 24  24  48  
Direct
   0.190600000000000 0.581600000000000 0.282800000000000
   0.418400000000000 0.717200000000000 0.190600000000000
   0.282800000000000 0.809400000000000 0.418400000000000
   0.809400000000000 0.418400000000000 0.282800000000000
   0.581600000000000 0.282800000000000 0.190600000000000
   0.717200000000000 0.190600000000000 0.418400000000000
   0.190600000000000 0.418400000000000 0.717200000000000
   0.418400000000000 0.282800000000000 0.809400000000000
   0.282800000000000 0.190600000000000 0.581600000000000
   0.809400000000000 0.581600000000000 0.717200000000000
   0.581600000000000 0.717200000000000 0.809400000000000
   0.717200000000000 0.809400000000000 0.581600000000000
   0.690600000000000 0.782800000000000 0.081600000000000
   0.918400000000000 0.690600000000000 0.217200000000000
   0.782800000000000 0.918400000000000 0.309400000000000
   0.309400000000000 0.782800000000000 0.918400000000000
   0.081600000000000 0.690600000000000 0.782800000000000
   0.217200000000000 0.918400000000000 0.690600000000000
   0.690600000000000 0.217200000000000 0.918400000000000
   0.918400000000000 0.309400000000000 0.782800000000000
   0.782800000000000 0.081600000000000 0.690600000000000
   0.309400000000000 0.217200000000000 0.081600000000000
   0.081600000000000 0.309400000000000 0.217200000000000
   0.217200000000000 0.081600000000000 0.309400000000000
   0.163000000000000 0.603000000000000 0.563000000000000
   0.397000000000000 0.437000000000000 0.163000000000000
   0.563000000000000 0.837000000000000 0.397000000000000
   0.837000000000000 0.397000000000000 0.563000000000000
   0.603000000000000 0.563000000000000 0.163000000000000
   0.437000000000000 0.163000000000000 0.397000000000000
   0.163000000000000 0.397000000000000 0.437000000000000
   0.397000000000000 0.563000000000000 0.837000000000000
   0.563000000000000 0.163000000000000 0.603000000000000
   0.837000000000000 0.603000000000000 0.437000000000000
   0.603000000000000 0.437000000000000 0.837000000000000
   0.437000000000000 0.837000000000000 0.603000000000000
   0.663000000000000 0.063000000000000 0.103000000000000
   0.897000000000000 0.663000000000000 0.937000000000000
   0.063000000000000 0.897000000000000 0.337000000000000
   0.337000000000000 0.063000000000000 0.897000000000000
   0.103000000000000 0.663000000000000 0.063000000000000
   0.937000000000000 0.897000000000000 0.663000000000000
   0.663000000000000 0.937000000000000 0.897000000000000
   0.897000000000000 0.337000000000000 0.063000000000000
   0.063000000000000 0.103000000000000 0.663000000000000
   0.337000000000000 0.937000000000000 0.103000000000000
   0.103000000000000 0.337000000000000 0.937000000000000
   0.937000000000000 0.103000000000000 0.337000000000000
   0.199600000000000 0.667100000000000 0.419600000000000
   0.332900000000000 0.580400000000000 0.199600000000000
   0.419600000000000 0.800400000000000 0.332900000000000
   0.800400000000000 0.332900000000000 0.419600000000000
   0.667100000000000 0.419600000000000 0.199600000000000
   0.580400000000000 0.199600000000000 0.332900000000000
   0.199600000000000 0.332900000000000 0.580400000000000
   0.332900000000000 0.419600000000000 0.800400000000000
   0.419600000000000 0.199600000000000 0.667100000000000
   0.800400000000000 0.667100000000000 0.580400000000000
   0.667100000000000 0.580400000000000 0.800400000000000
   0.580400000000000 0.800400000000000 0.667100000000000
   0.699600000000000 0.919600000000000 0.167100000000000
   0.832900000000000 0.699600000000000 0.080400000000000
   0.919600000000000 0.832900000000000 0.300400000000000
   0.300400000000000 0.919600000000000 0.832900000000000
   0.167100000000000 0.699600000000000 0.919600000000000
   0.080400000000000 0.832900000000000 0.699600000000000
   0.699600000000000 0.080400000000000 0.832900000000000
   0.832900000000000 0.300400000000000 0.919600000000000
   0.919600000000000 0.167100000000000 0.699600000000000
   0.300400000000000 0.080400000000000 0.167100000000000
   0.167100000000000 0.300400000000000 0.080400000000000
   0.080400000000000 0.167100000000000 0.300400000000000
   0.073800000000000 0.644700000000000 0.177700000000000
   0.355300000000000 0.822300000000000 0.073800000000000
   0.177700000000000 0.926200000000000 0.355300000000000
   0.926200000000000 0.355300000000000 0.177700000000000
   0.644700000000000 0.177700000000000 0.073800000000000
   0.822300000000000 0.073800000000000 0.355300000000000
   0.073800000000000 0.355300000000000 0.822300000000000
   0.355300000000000 0.177700000000000 0.926200000000000
   0.177700000000000 0.073800000000000 0.644700000000000
   0.926200000000000 0.644700000000000 0.822300000000000
   0.644700000000000 0.822300000000000 0.926200000000000
   0.822300000000000 0.926200000000000 0.644700000000000
   0.573800000000000 0.677700000000000 0.144700000000000
   0.855300000000000 0.573800000000000 0.322300000000000
   0.677700000000000 0.855300000000000 0.426200000000000
   0.426200000000000 0.677700000000000 0.855300000000000
   0.144700000000000 0.573800000000000 0.677700000000000
   0.322300000000000 0.855300000000000 0.573800000000000
   0.573800000000000 0.322300000000000 0.855300000000000
   0.855300000000000 0.426200000000000 0.677700000000000
   0.677700000000000 0.144700000000000 0.573800000000000
   0.426200000000000 0.322300000000000 0.144700000000000
   0.144700000000000 0.426200000000000 0.322300000000000
   0.322300000000000 0.144700000000000 0.426200000000000
