Te8 O48
1.0
-7.852500 -7.852500 -0.000000
-7.852500 0.000000 -7.852500
-0.000000 -7.852500 -7.852500
O Te
48 8
direct
0.378600 0.183200 0.036400 O2-
0.901800 0.036400 0.183200 O2-
0.036400 0.901800 0.378600 O2-
0.183200 0.378600 0.901800 O2-
0.036400 0.378600 0.183200 O2-
0.183200 0.901800 0.036400 O2-
0.378600 0.036400 0.901800 O2-
0.901800 0.183200 0.378600 O2-
0.183200 0.036400 0.378600 O2-
0.036400 0.183200 0.901800 O2-
0.901800 0.378600 0.036400 O2-
0.378600 0.901800 0.183200 O2-
0.621400 0.816800 0.963600 O2-
0.098200 0.963600 0.816800 O2-
0.963600 0.098200 0.621400 O2-
0.816800 0.621400 0.098200 O2-
0.963600 0.621400 0.816800 O2-
0.816800 0.098200 0.963600 O2-
0.621400 0.963600 0.098200 O2-
0.098200 0.816800 0.621400 O2-
0.816800 0.963600 0.621400 O2-
0.963600 0.816800 0.098200 O2-
0.098200 0.621400 0.963600 O2-
0.621400 0.098200 0.816800 O2-
0.683200 0.878600 0.536400 O2-
0.536400 0.401800 0.683200 O2-
0.401800 0.536400 0.878600 O2-
0.878600 0.683200 0.401800 O2-
0.878600 0.536400 0.683200 O2-
0.401800 0.683200 0.536400 O2-
0.536400 0.878600 0.401800 O2-
0.683200 0.401800 0.878600 O2-
0.536400 0.683200 0.878600 O2-
0.683200 0.536400 0.401800 O2-
0.878600 0.401800 0.536400 O2-
0.401800 0.878600 0.683200 O2-
0.316800 0.121400 0.463600 O2-
0.463600 0.598200 0.316800 O2-
0.598200 0.463600 0.121400 O2-
0.121400 0.316800 0.598200 O2-
0.121400 0.463600 0.316800 O2-
0.598200 0.316800 0.463600 O2-
0.463600 0.121400 0.598200 O2-
0.316800 0.598200 0.121400 O2-
0.463600 0.316800 0.121400 O2-
0.316800 0.463600 0.598200 O2-
0.121400 0.598200 0.463600 O2-
0.598200 0.121400 0.316800 O2-
0.500000 0.500000 0.000000 Te6+
0.500000 0.000000 0.500000 Te6+
0.000000 0.500000 0.500000 Te6+
0.500000 0.500000 0.500000 Te6+
1.000000 0.000000 0.500000 Te6+
0.500000 0.000000 1.000000 Te6+
1.000000 0.500000 0.000000 Te6+
0.000000 0.000000 0.000000 Te6+
