B24 H24 O48
1.0
8.886000 0.000000 0.000000
0.000000 8.886000 0.000000
0.000000 0.000000 8.886000
B H O
24 24 48
direct
0.190600 0.581600 0.282800 B3+
0.418400 0.717200 0.190600 B3+
0.282800 0.809400 0.418400 B3+
0.809400 0.418400 0.282800 B3+
0.581600 0.282800 0.190600 B3+
0.717200 0.190600 0.418400 B3+
0.190600 0.418400 0.717200 B3+
0.418400 0.282800 0.809400 B3+
0.282800 0.190600 0.581600 B3+
0.809400 0.581600 0.717200 B3+
0.581600 0.717200 0.809400 B3+
0.717200 0.809400 0.581600 B3+
0.690600 0.782800 0.081600 B3+
0.918400 0.690600 0.217200 B3+
0.782800 0.918400 0.309400 B3+
0.309400 0.782800 0.918400 B3+
0.081600 0.690600 0.782800 B3+
0.217200 0.918400 0.690600 B3+
0.690600 0.217200 0.918400 B3+
0.918400 0.309400 0.782800 B3+
0.782800 0.081600 0.690600 B3+
0.309400 0.217200 0.081600 B3+
0.081600 0.309400 0.217200 B3+
0.217200 0.081600 0.309400 B3+
0.163000 0.603000 0.563000 H+
0.397000 0.437000 0.163000 H+
0.563000 0.837000 0.397000 H+
0.837000 0.397000 0.563000 H+
0.603000 0.563000 0.163000 H+
0.437000 0.163000 0.397000 H+
0.163000 0.397000 0.437000 H+
0.397000 0.563000 0.837000 H+
0.563000 0.163000 0.603000 H+
0.837000 0.603000 0.437000 H+
0.603000 0.437000 0.837000 H+
0.437000 0.837000 0.603000 H+
0.663000 0.063000 0.103000 H+
0.897000 0.663000 0.937000 H+
0.063000 0.897000 0.337000 H+
0.337000 0.063000 0.897000 H+
0.103000 0.663000 0.063000 H+
0.937000 0.897000 0.663000 H+
0.663000 0.937000 0.897000 H+
0.897000 0.337000 0.063000 H+
0.063000 0.103000 0.663000 H+
0.337000 0.937000 0.103000 H+
0.103000 0.337000 0.937000 H+
0.937000 0.103000 0.337000 H+
0.199600 0.667100 0.419600 O2-
0.332900 0.580400 0.199600 O2-
0.419600 0.800400 0.332900 O2-
0.800400 0.332900 0.419600 O2-
0.667100 0.419600 0.199600 O2-
0.580400 0.199600 0.332900 O2-
0.199600 0.332900 0.580400 O2-
0.332900 0.419600 0.800400 O2-
0.419600 0.199600 0.667100 O2-
0.800400 0.667100 0.580400 O2-
0.667100 0.580400 0.800400 O2-
0.580400 0.800400 0.667100 O2-
0.699600 0.919600 0.167100 O2-
0.832900 0.699600 0.080400 O2-
0.919600 0.832900 0.300400 O2-
0.300400 0.919600 0.832900 O2-
0.167100 0.699600 0.919600 O2-
0.080400 0.832900 0.699600 O2-
0.699600 0.080400 0.832900 O2-
0.832900 0.300400 0.919600 O2-
0.919600 0.167100 0.699600 O2-
0.300400 0.080400 0.167100 O2-
0.167100 0.300400 0.080400 O2-
0.080400 0.167100 0.300400 O2-
0.073800 0.644700 0.177700 O2-
0.355300 0.822300 0.073800 O2-
0.177700 0.926200 0.355300 O2-
0.926200 0.355300 0.177700 O2-
0.644700 0.177700 0.073800 O2-
0.822300 0.073800 0.355300 O2-
0.073800 0.355300 0.822300 O2-
0.355300 0.177700 0.926200 O2-
0.177700 0.073800 0.644700 O2-
0.926200 0.644700 0.822300 O2-
0.644700 0.822300 0.926200 O2-
0.822300 0.926200 0.644700 O2-
0.573800 0.677700 0.144700 O2-
0.855300 0.573800 0.322300 O2-
0.677700 0.855300 0.426200 O2-
0.426200 0.677700 0.855300 O2-
0.144700 0.573800 0.677700 O2-
0.322300 0.855300 0.573800 O2-
0.573800 0.322300 0.855300 O2-
0.855300 0.426200 0.677700 O2-
0.677700 0.144700 0.573800 O2-
0.426200 0.322300 0.144700 O2-
0.144700 0.426200 0.322300 O2-
0.322300 0.144700 0.426200 O2-
