Si48 O96
1.0
-10.434965 -10.434965 0.000000
-10.434965 0.000000 -10.434965
-0.000000 -10.434965 -10.434965
O Si
96 48
direct
0.963180 0.930560 0.772260 O2-
0.772260 0.334000 0.963180 O2-
0.334000 0.772260 0.930560 O2-
0.930560 0.963180 0.334000 O2-
0.463180 0.834000 0.272260 O2-
0.272260 0.430560 0.463180 O2-
0.430560 0.272260 0.834000 O2-
0.834000 0.463180 0.430560 O2-
0.930560 0.772260 0.963180 O2-
0.334000 0.963180 0.772260 O2-
0.772260 0.930560 0.334000 O2-
0.963180 0.334000 0.930560 O2-
0.834000 0.272260 0.463180 O2-
0.430560 0.463180 0.272260 O2-
0.272260 0.834000 0.430560 O2-
0.463180 0.430560 0.834000 O2-
0.772260 0.963180 0.930560 O2-
0.963180 0.772260 0.334000 O2-
0.930560 0.334000 0.772260 O2-
0.334000 0.930560 0.963180 O2-
0.272260 0.463180 0.834000 O2-
0.463180 0.272260 0.430560 O2-
0.834000 0.430560 0.272260 O2-
0.430560 0.834000 0.463180 O2-
0.036820 0.069440 0.227740 O2-
0.227740 0.666000 0.036820 O2-
0.666000 0.227740 0.069440 O2-
0.069440 0.036820 0.666000 O2-
0.536820 0.166000 0.727740 O2-
0.727740 0.569440 0.536820 O2-
0.569440 0.727740 0.166000 O2-
0.166000 0.536820 0.569440 O2-
0.069440 0.227740 0.036820 O2-
0.666000 0.036820 0.227740 O2-
0.227740 0.069440 0.666000 O2-
0.036820 0.666000 0.069440 O2-
0.166000 0.727740 0.536820 O2-
0.569440 0.536820 0.727740 O2-
0.727740 0.166000 0.569440 O2-
0.536820 0.569440 0.166000 O2-
0.227740 0.036820 0.069440 O2-
0.036820 0.227740 0.666000 O2-
0.069440 0.666000 0.227740 O2-
0.666000 0.069440 0.036820 O2-
0.727740 0.536820 0.166000 O2-
0.536820 0.727740 0.569440 O2-
0.166000 0.569440 0.727740 O2-
0.569440 0.166000 0.536820 O2-
0.870540 0.235060 0.129460 O2-
0.129460 0.764940 0.870540 O2-
0.764940 0.129460 0.235060 O2-
0.235060 0.870540 0.764940 O2-
0.370540 0.264940 0.629460 O2-
0.629460 0.735060 0.370540 O2-
0.735060 0.629460 0.264940 O2-
0.264940 0.370540 0.735060 O2-
0.235060 0.129460 0.870540 O2-
0.764940 0.870540 0.129460 O2-
0.129460 0.235060 0.764940 O2-
0.870540 0.764940 0.235060 O2-
0.264940 0.629460 0.370540 O2-
0.735060 0.370540 0.629460 O2-
0.629460 0.264940 0.735060 O2-
0.370540 0.735060 0.264940 O2-
0.129460 0.870540 0.235060 O2-
0.870540 0.129460 0.764940 O2-
0.235060 0.764940 0.129460 O2-
0.764940 0.235060 0.870540 O2-
0.629460 0.370540 0.264940 O2-
0.370540 0.629460 0.735060 O2-
0.264940 0.735060 0.629460 O2-
0.735060 0.264940 0.370540 O2-
0.053920 0.750000 0.750000 O2-
0.750000 0.446080 0.053920 O2-
0.446080 0.750000 0.750000 O2-
0.750000 0.053920 0.446080 O2-
0.553920 0.946080 0.250000 O2-
0.250000 0.250000 0.553920 O2-
0.250000 0.250000 0.946080 O2-
0.946080 0.553920 0.250000 O2-
0.750000 0.750000 0.053920 O2-
0.446080 0.053920 0.750000 O2-
0.750000 0.750000 0.446080 O2-
0.053920 0.446080 0.750000 O2-
0.946080 0.250000 0.553920 O2-
0.250000 0.553920 0.250000 O2-
0.250000 0.946080 0.250000 O2-
0.553920 0.250000 0.946080 O2-
0.750000 0.053920 0.750000 O2-
0.053920 0.750000 0.446080 O2-
0.750000 0.446080 0.750000 O2-
0.446080 0.750000 0.053920 O2-
0.250000 0.553920 0.946080 O2-
0.553920 0.250000 0.250000 O2-
0.946080 0.250000 0.250000 O2-
0.250000 0.946080 0.553920 O2-
0.019790 0.803390 0.839550 Si4+
0.839550 0.337270 0.019790 Si4+
0.337270 0.839550 0.803390 Si4+
0.803390 0.019790 0.337270 Si4+
0.519790 0.837270 0.339550 Si4+
0.339550 0.303390 0.519790 Si4+
0.303390 0.339550 0.837270 Si4+
0.837270 0.519790 0.303390 Si4+
0.803390 0.839550 0.019790 Si4+
0.337270 0.019790 0.839550 Si4+
0.839550 0.803390 0.337270 Si4+
0.019790 0.337270 0.803390 Si4+
0.837270 0.339550 0.519790 Si4+
0.303390 0.519790 0.339550 Si4+
0.339550 0.837270 0.303390 Si4+
0.519790 0.303390 0.837270 Si4+
0.839550 0.019790 0.803390 Si4+
0.019790 0.839550 0.337270 Si4+
0.803390 0.337270 0.839550 Si4+
0.337270 0.803390 0.019790 Si4+
0.339550 0.519790 0.837270 Si4+
0.519790 0.339550 0.303390 Si4+
0.837270 0.303390 0.339550 Si4+
0.303390 0.837270 0.519790 Si4+
0.980210 0.196610 0.160450 Si4+
0.160450 0.662730 0.980210 Si4+
0.662730 0.160450 0.196610 Si4+
0.196610 0.980210 0.662730 Si4+
0.480210 0.162730 0.660450 Si4+
0.660450 0.696610 0.480210 Si4+
0.696610 0.660450 0.162730 Si4+
0.162730 0.480210 0.696610 Si4+
0.196610 0.160450 0.980210 Si4+
0.662730 0.980210 0.160450 Si4+
0.160450 0.196610 0.662730 Si4+
0.980210 0.662730 0.196610 Si4+
0.162730 0.660450 0.480210 Si4+
0.696610 0.480210 0.660450 Si4+
0.660450 0.162730 0.696610 Si4+
0.480210 0.696610 0.162730 Si4+
0.160450 0.980210 0.196610 Si4+
0.980210 0.160450 0.662730 Si4+
0.196610 0.662730 0.160450 Si4+
0.662730 0.196610 0.980210 Si4+
0.660450 0.480210 0.162730 Si4+
0.480210 0.660450 0.696610 Si4+
0.162730 0.696610 0.660450 Si4+
0.696610 0.162730 0.480210 Si4+
