Ba6 C120
1.0
   11.342999999999998 0.000000000000000 0.000000000000000
   0.000000000000000 11.342999999999998 0.000000000000000
   0.000000000000000 0.000000000000000 11.342999999999998
 Ba  C  
 6  120  
Direct
   0.000000000000000 0.500000000000000 0.750000000000000
   0.500000000000000 0.250000000000000 0.000000000000000
   0.750000000000000 0.000000000000000 0.500000000000000
   0.000000000000000 0.500000000000000 0.250000000000000
   0.500000000000000 0.750000000000000 0.000000000000000
   0.250000000000000 0.000000000000000 0.500000000000000
   0.564600000000000 0.186200000000000 0.500000000000000
   0.813800000000000 0.500000000000000 0.564600000000000
   0.500000000000000 0.435400000000000 0.813800000000000
   0.435400000000000 0.813800000000000 0.500000000000000
   0.186200000000000 0.500000000000000 0.435400000000000
   0.500000000000000 0.564600000000000 0.186200000000000
   0.564600000000000 0.813800000000000 0.500000000000000
   0.813800000000000 0.500000000000000 0.435400000000000
   0.435400000000000 0.186200000000000 0.500000000000000
   0.186200000000000 0.500000000000000 0.564600000000000
   0.500000000000000 0.564600000000000 0.813800000000000
   0.500000000000000 0.435400000000000 0.186200000000000
   0.064600000000000 0.000000000000000 0.686200000000000
   0.313800000000000 0.064600000000000 0.000000000000000
   0.000000000000000 0.313800000000000 0.935400000000000
   0.935400000000000 0.000000000000000 0.313800000000000
   0.686200000000000 0.935400000000000 0.000000000000000
   0.000000000000000 0.686200000000000 0.064600000000000
   0.064600000000000 0.000000000000000 0.313800000000000
   0.313800000000000 0.935400000000000 0.000000000000000
   0.935400000000000 0.000000000000000 0.686200000000000
   0.686200000000000 0.064600000000000 0.000000000000000
   0.000000000000000 0.313800000000000 0.064600000000000
   0.000000000000000 0.686200000000000 0.935400000000000
   0.773800000000000 0.395400000000000 0.629200000000000
   0.604600000000000 0.370800000000000 0.773800000000000
   0.629200000000000 0.226200000000000 0.604600000000000
   0.226200000000000 0.604600000000000 0.370800000000000
   0.395400000000000 0.629200000000000 0.226200000000000
   0.370800000000000 0.773800000000000 0.395400000000000
   0.773800000000000 0.604600000000000 0.370800000000000
   0.604600000000000 0.629200000000000 0.226200000000000
   0.629200000000000 0.773800000000000 0.395400000000000
   0.226200000000000 0.395400000000000 0.629200000000000
   0.395400000000000 0.370800000000000 0.773800000000000
   0.370800000000000 0.226200000000000 0.604600000000000
   0.226200000000000 0.604600000000000 0.629200000000000
   0.395400000000000 0.629200000000000 0.773800000000000
   0.370800000000000 0.773800000000000 0.604600000000000
   0.773800000000000 0.395400000000000 0.370800000000000
   0.604600000000000 0.370800000000000 0.226200000000000
   0.629200000000000 0.226200000000000 0.395400000000000
   0.226200000000000 0.395400000000000 0.370800000000000
   0.395400000000000 0.370800000000000 0.226200000000000
   0.370800000000000 0.226200000000000 0.395400000000000
   0.773800000000000 0.604600000000000 0.629200000000000
   0.604600000000000 0.629200000000000 0.773800000000000
   0.629200000000000 0.773800000000000 0.604600000000000
   0.273800000000000 0.129200000000000 0.895400000000000
   0.104600000000000 0.273800000000000 0.870800000000000
   0.129200000000000 0.104600000000000 0.726200000000000
   0.726200000000000 0.870800000000000 0.104600000000000
   0.895400000000000 0.726200000000000 0.129200000000000
   0.870800000000000 0.895400000000000 0.273800000000000
   0.273800000000000 0.870800000000000 0.104600000000000
   0.104600000000000 0.726200000000000 0.129200000000000
   0.129200000000000 0.895400000000000 0.273800000000000
   0.726200000000000 0.129200000000000 0.895400000000000
   0.895400000000000 0.273800000000000 0.870800000000000
   0.870800000000000 0.104600000000000 0.726200000000000
   0.726200000000000 0.129200000000000 0.104600000000000
   0.895400000000000 0.273800000000000 0.129200000000000
   0.870800000000000 0.104600000000000 0.273800000000000
   0.273800000000000 0.870800000000000 0.895400000000000
   0.104600000000000 0.726200000000000 0.870800000000000
   0.129200000000000 0.895400000000000 0.726200000000000
   0.726200000000000 0.870800000000000 0.895400000000000
   0.895400000000000 0.726200000000000 0.870800000000000
   0.870800000000000 0.895400000000000 0.726200000000000
   0.273800000000000 0.129200000000000 0.104600000000000
   0.104600000000000 0.273800000000000 0.129200000000000
   0.129200000000000 0.104600000000000 0.273800000000000
   0.733800000000000 0.290900000000000 0.564600000000000
   0.709100000000000 0.435400000000000 0.733800000000000
   0.564600000000000 0.266200000000000 0.709100000000000
   0.266200000000000 0.709100000000000 0.435400000000000
   0.290900000000000 0.564600000000000 0.266200000000000
   0.435400000000000 0.733800000000000 0.290900000000000
   0.733800000000000 0.709100000000000 0.435400000000000
   0.709100000000000 0.564600000000000 0.266200000000000
   0.564600000000000 0.733800000000000 0.290900000000000
   0.266200000000000 0.290900000000000 0.564600000000000
   0.290900000000000 0.435400000000000 0.733800000000000
   0.435400000000000 0.266200000000000 0.709100000000000
   0.266200000000000 0.709100000000000 0.564600000000000
   0.290900000000000 0.564600000000000 0.733800000000000
   0.435400000000000 0.733800000000000 0.709100000000000
   0.733800000000000 0.290900000000000 0.435400000000000
   0.709100000000000 0.435400000000000 0.266200000000000
   0.564600000000000 0.266200000000000 0.290900000000000
   0.266200000000000 0.290900000000000 0.435400000000000
   0.290900000000000 0.435400000000000 0.266200000000000
   0.435400000000000 0.266200000000000 0.290900000000000
   0.733800000000000 0.709100000000000 0.564600000000000
   0.709100000000000 0.564600000000000 0.733800000000000
   0.564600000000000 0.733800000000000 0.709100000000000
   0.233800000000000 0.064600000000000 0.790900000000000
   0.209100000000000 0.233800000000000 0.935400000000000
   0.064600000000000 0.209100000000000 0.766200000000000
   0.766200000000000 0.935400000000000 0.209100000000000
   0.790900000000000 0.766200000000000 0.064600000000000
   0.935400000000000 0.790900000000000 0.233800000000000
   0.233800000000000 0.935400000000000 0.209100000000000
   0.209100000000000 0.766200000000000 0.064600000000000
   0.064600000000000 0.790900000000000 0.233800000000000
   0.766200000000000 0.064600000000000 0.790900000000000
   0.790900000000000 0.233800000000000 0.935400000000000
   0.935400000000000 0.209100000000000 0.766200000000000
   0.766200000000000 0.064600000000000 0.209100000000000
   0.790900000000000 0.233800000000000 0.064600000000000
   0.935400000000000 0.209100000000000 0.233800000000000
   0.233800000000000 0.935400000000000 0.790900000000000
   0.209100000000000 0.766200000000000 0.935400000000000
   0.064600000000000 0.790900000000000 0.766200000000000
   0.766200000000000 0.935400000000000 0.790900000000000
   0.790900000000000 0.766200000000000 0.935400000000000
   0.935400000000000 0.790900000000000 0.766200000000000
   0.233800000000000 0.064600000000000 0.209100000000000
   0.209100000000000 0.233800000000000 0.064600000000000
   0.064600000000000 0.209100000000000 0.233800000000000
